0a938d79.json

Example 0:
Input:
[[0 0 0 0 0 2 0 0 0 0 0 0 0 0 0 0 0 0 0 0 0 0 0 0 0]
[0 0 0 0 0 0 0 0 0 0 0 0 0 0 0 0 0 0 0 0 0 0 0 0 0]
[0 0 0 0 0 0 0 0 0 0 0 0 0 0 0 0 0 0 0 0 0 0 0 0 0]
[0 0 0 0 0 0 0 0 0 0 0 0 0 0 0 0 0 0 0 0 0 0 0 0 0]
[0 0 0 0 0 0 0 0 0 0 0 0 0 0 0 0 0 0 0 0 0 0 0 0 0]
[0 0 0 0 0 0 0 0 0 0 0 0 0 0 0 0 0 0 0 0 0 0 0 0 0]
[0 0 0 0 0 0 0 0 0 0 0 0 0 0 0 0 0 0 0 0 0 0 0 0 0]
[0 0 0 0 0 0 0 0 0 0 0 0 0 0 0 0 0 0 0 0 0 0 0 0 0]
[0 0 0 0 0 0 0 0 0 0 0 0 0 0 0 0 0 0 0 0 0 0 0 0 0]
[0 0 0 0 0 0 0 8 0 0 0 0 0 0 0 0 0 0 0 0 0 0 0 0 0]]
Output:
[[0 0 0 0 0 2 0 8 0 2 0 8 0 2 0 8 0 2 0 8 0 2 0 8 0]
[0 0 0 0 0 2 0 8 0 2 0 8 0 2 0 8 0 2 0 8 0 2 0 8 0]
[0 0 0 0 0 2 0 8 0 2 0 8 0 2 0 8 0 2 0 8 0 2 0 8 0]
[0 0 0 0 0 2 0 8 0 2 0 8 0 2 0 8 0 2 0 8 0 2 0 8 0]
[0 0 0 0 0 2 0 8 0 2 0 8 0 2 0 8 0 2 0 8 0 2 0 8 0]
[0 0 0 0 0 2 0 8 0 2 0 8 0 2 0 8 0 2 0 8 0 2 0 8 0]
[0 0 0 0 0 2 0 8 0 2 0 8 0 2 0 8 0 2 0 8 0 2 0 8 0]
[0 0 0 0 0 2 0 8 0 2 0 8 0 2 0 8 0 2 0 8 0 2 0 8 0]
[0 0 0 0 0 2 0 8 0 2 0 8 0 2 0 8 0 2 0 8 0 2 0 8 0]
[0 0 0 0 0 2 0 8 0 2 0 8 0 2 0 8 0 2 0 8 0 2 0 8 0]]
Example 1:
Input:
[[0 0 0 0 0 1 0 0 0 0 0 0 0 0 0 0 0 0 0 0 0 0 0]
[0 0 0 0 0 0 0 0 0 0 0 0 0 0 0 0 0 0 0 0 0 0 0]
[0 0 0 0 0 0 0 0 0 0 0 0 0 0 0 0 0 0 0 0 0 0 0]
[0 0 0 0 0 0 0 0 0 0 0 0 0 0 0 0 0 0 0 0 0 0 0]
[0 0 0 0 0 0 0 0 0 0 0 0 0 0 0 0 0 0 0 0 0 0 0]
[0 0 0 0 0 0 0 0 0 0 0 0 0 0 0 0 0 0 0 0 0 0 0]
[0 0 0 0 0 0 0 0 3 0 0 0 0 0 0 0 0 0 0 0 0 0 0]]
Output:
[[0 0 0 0 0 1 0 0 3 0 0 1 0 0 3 0 0 1 0 0 3 0 0]
[0 0 0 0 0 1 0 0 3 0 0 1 0 0 3 0 0 1 0 0 3 0 0]
[0 0 0 0 0 1 0 0 3 0 0 1 0 0 3 0 0 1 0 0 3 0 0]
[0 0 0 0 0 1 0 0 3 0 0 1 0 0 3 0 0 1 0 0 3 0 0]
[0 0 0 0 0 1 0 0 3 0 0 1 0 0 3 0 0 1 0 0 3 0 0]
[0 0 0 0 0 1 0 0 3 0 0 1 0 0 3 0 0 1 0 0 3 0 0]
[0 0 0 0 0 1 0 0 3 0 0 1 0 0 3 0 0 1 0 0 3 0 0]]
Example 2:
Input:
[[0 0 0 0 0 0 0 0 0]
[0 0 0 0 0 0 0 0 0]
[0 0 0 0 0 0 0 0 0]
[0 0 0 0 0 0 0 0 0]
[0 0 0 0 0 0 0 0 0]
[2 0 0 0 0 0 0 0 0]
[0 0 0 0 0 0 0 0 0]
[0 0 0 0 0 0 0 0 3]
[0 0 0 0 0 0 0 0 0]
[0 0 0 0 0 0 0 0 0]
[0 0 0 0 0 0 0 0 0]
[0 0 0 0 0 0 0 0 0]
[0 0 0 0 0 0 0 0 0]
[0 0 0 0 0 0 0 0 0]
[0 0 0 0 0 0 0 0 0]
[0 0 0 0 0 0 0 0 0]
[0 0 0 0 0 0 0 0 0]
[0 0 0 0 0 0 0 0 0]
[0 0 0 0 0 0 0 0 0]
[0 0 0 0 0 0 0 0 0]
[0 0 0 0 0 0 0 0 0]
[0 0 0 0 0 0 0 0 0]]
Output:
[[0 0 0 0 0 0 0 0 0]
[0 0 0 0 0 0 0 0 0]
[0 0 0 0 0 0 0 0 0]
[0 0 0 0 0 0 0 0 0]
[0 0 0 0 0 0 0 0 0]
[2 2 2 2 2 2 2 2 2]
[0 0 0 0 0 0 0 0 0]
[3 3 3 3 3 3 3 3 3]
[0 0 0 0 0 0 0 0 0]
[2 2 2 2 2 2 2 2 2]
[0 0 0 0 0 0 0 0 0]
[3 3 3 3 3 3 3 3 3]
[0 0 0 0 0 0 0 0 0]
[2 2 2 2 2 2 2 2 2]
[0 0 0 0 0 0 0 0 0]
[3 3 3 3 3 3 3 3 3]
[0 0 0 0 0 0 0 0 0]
[2 2 2 2 2 2 2 2 2]
[0 0 0 0 0 0 0 0 0]
[3 3 3 3 3 3 3 3 3]
[0 0 0 0 0 0 0 0 0]
[2 2 2 2 2 2 2 2 2]]
Example 3:
Input:
[[0 0 0 0 0 0 0 0]
[0 0 0 0 0 0 0 0]
[0 0 0 0 0 0 0 0]
[0 0 0 0 0 0 0 0]
[0 0 0 0 0 0 0 0]
[0 0 0 0 0 0 0 0]
[0 0 0 0 0 0 0 0]
[4 0 0 0 0 0 0 0]
[0 0 0 0 0 0 0 0]
[0 0 0 0 0 0 0 0]
[0 0 0 0 0 0 0 0]
[1 0 0 0 0 0 0 0]
[0 0 0 0 0 0 0 0]
[0 0 0 0 0 0 0 0]
[0 0 0 0 0 0 0 0]
[0 0 0 0 0 0 0 0]
[0 0 0 0 0 0 0 0]
[0 0 0 0 0 0 0 0]
[0 0 0 0 0 0 0 0]
[0 0 0 0 0 0 0 0]
[0 0 0 0 0 0 0 0]
[0 0 0 0 0 0 0 0]
[0 0 0 0 0 0 0 0]
[0 0 0 0 0 0 0 0]]
Output:
[[0 0 0 0 0 0 0 0]
[0 0 0 0 0 0 0 0]
[0 0 0 0 0 0 0 0]
[0 0 0 0 0 0 0 0]
[0 0 0 0 0 0 0 0]
[0 0 0 0 0 0 0 0]
[0 0 0 0 0 0 0 0]
[4 4 4 4 4 4 4 4]
[0 0 0 0 0 0 0 0]
[0 0 0 0 0 0 0 0]
[0 0 0 0 0 0 0 0]
[1 1 1 1 1 1 1 1]
[0 0 0 0 0 0 0 0]
[0 0 0 0 0 0 0 0]
[0 0 0 0 0 0 0 0]
[4 4 4 4 4 4 4 4]
[0 0 0 0 0 0 0 0]
[0 0 0 0 0 0 0 0]
[0 0 0 0 0 0 0 0]
[1 1 1 1 1 1 1 1]
[0 0 0 0 0 0 0 0]
[0 0 0 0 0 0 0 0]
[0 0 0 0 0 0 0 0]
[4 4 4 4 4 4 4 4]]

==========Human Description==========

In the input, you should see: either a long or tall black grid with 2 different colored pixels

The output grid size:  remains the same.

To make the output, you have to:  create a pattern of short stripes alternating between the 2 colors. Start from the first colored pixel and create a line that goes to the opposite side using that color. Then go to the second colored pixel and do the same. Continue the pattern of stripes to the RIGHT for a long grid or go DOWN for a tall grid all the way to the end.

