6855a6e4.json

Example 0:
Input:
[[0 0 0 0 5 0 0 0 0 0 0 0 0 0 0]
[0 0 0 0 5 0 0 0 0 0 0 0 0 0 0]
[0 0 0 0 0 0 0 0 0 0 0 0 0 0 0]
[0 0 2 2 2 2 2 0 0 0 0 0 0 0 0]
[0 0 2 0 0 0 2 0 0 0 0 0 0 0 0]
[0 0 0 0 0 0 0 0 0 0 0 0 0 0 0]
[0 0 0 0 0 0 0 0 0 0 0 0 0 0 0]
[0 0 0 0 0 0 0 0 0 0 0 0 0 0 0]
[0 0 0 0 0 0 0 0 0 0 0 0 0 0 0]
[0 0 0 0 0 0 0 0 0 0 0 0 0 0 0]
[0 0 2 0 0 0 2 0 0 0 0 0 0 0 0]
[0 0 2 2 2 2 2 0 0 0 0 0 0 0 0]
[0 0 0 0 0 0 0 0 0 0 0 0 0 0 0]
[0 0 0 5 5 5 0 0 0 0 0 0 0 0 0]
[0 0 0 0 0 0 0 0 0 0 0 0 0 0 0]]
Output:
[[0 0 0 0 0 0 0 0 0 0 0 0 0 0 0]
[0 0 0 0 0 0 0 0 0 0 0 0 0 0 0]
[0 0 0 0 0 0 0 0 0 0 0 0 0 0 0]
[0 0 2 2 2 2 2 0 0 0 0 0 0 0 0]
[0 0 2 0 0 0 2 0 0 0 0 0 0 0 0]
[0 0 0 0 5 0 0 0 0 0 0 0 0 0 0]
[0 0 0 0 5 0 0 0 0 0 0 0 0 0 0]
[0 0 0 0 0 0 0 0 0 0 0 0 0 0 0]
[0 0 0 0 0 0 0 0 0 0 0 0 0 0 0]
[0 0 0 5 5 5 0 0 0 0 0 0 0 0 0]
[0 0 2 0 0 0 2 0 0 0 0 0 0 0 0]
[0 0 2 2 2 2 2 0 0 0 0 0 0 0 0]
[0 0 0 0 0 0 0 0 0 0 0 0 0 0 0]
[0 0 0 0 0 0 0 0 0 0 0 0 0 0 0]
[0 0 0 0 0 0 0 0 0 0 0 0 0 0 0]]
Example 1:
Input:
[[0 0 0 0 0 0 0 0 0 0 0 0 0 0 0]
[0 0 0 0 0 0 0 0 0 0 0 0 0 0 0]
[0 0 0 0 0 0 0 0 0 0 0 0 0 0 0]
[0 0 0 0 0 0 0 0 0 0 0 0 0 0 0]
[0 0 0 0 0 0 0 0 0 0 0 0 0 0 0]
[0 0 0 2 2 0 0 0 0 0 2 2 0 0 0]
[0 0 0 2 0 0 0 0 0 0 0 2 0 5 0]
[5 5 0 2 0 0 0 0 0 0 0 2 0 5 5]
[5 5 0 2 0 0 0 0 0 0 0 2 0 5 5]
[0 0 0 2 0 0 0 0 0 0 0 2 0 5 0]
[0 0 0 2 2 0 0 0 0 0 2 2 0 0 0]
[0 0 0 0 0 0 0 0 0 0 0 0 0 0 0]
[0 0 0 0 0 0 0 0 0 0 0 0 0 0 0]
[0 0 0 0 0 0 0 0 0 0 0 0 0 0 0]
[0 0 0 0 0 0 0 0 0 0 0 0 0 0 0]]
Output:
[[0 0 0 0 0 0 0 0 0 0 0 0 0 0 0]
[0 0 0 0 0 0 0 0 0 0 0 0 0 0 0]
[0 0 0 0 0 0 0 0 0 0 0 0 0 0 0]
[0 0 0 0 0 0 0 0 0 0 0 0 0 0 0]
[0 0 0 0 0 0 0 0 0 0 0 0 0 0 0]
[0 0 0 2 2 0 0 0 0 0 2 2 0 0 0]
[0 0 0 2 0 0 0 0 0 5 0 2 0 0 0]
[0 0 0 2 0 5 5 0 5 5 0 2 0 0 0]
[0 0 0 2 0 5 5 0 5 5 0 2 0 0 0]
[0 0 0 2 0 0 0 0 0 5 0 2 0 0 0]
[0 0 0 2 2 0 0 0 0 0 2 2 0 0 0]
[0 0 0 0 0 0 0 0 0 0 0 0 0 0 0]
[0 0 0 0 0 0 0 0 0 0 0 0 0 0 0]
[0 0 0 0 0 0 0 0 0 0 0 0 0 0 0]
[0 0 0 0 0 0 0 0 0 0 0 0 0 0 0]]
Example 2:
Input:
[[0 0 0 0 0 0 0 0 0 0 0 0 0 0 0]
[0 0 0 0 0 0 0 0 0 0 0 0 0 0 0]
[0 0 0 0 0 0 0 0 0 0 0 0 0 0 0]
[0 0 0 0 0 0 0 0 0 0 0 0 0 0 0]
[0 0 0 2 2 0 0 0 0 2 2 0 0 0 0]
[0 5 0 2 0 0 0 0 0 0 2 0 5 0 0]
[5 5 0 2 0 0 0 0 0 0 2 0 5 5 0]
[0 5 0 2 0 0 0 0 0 0 2 0 0 5 0]
[0 0 0 2 2 0 0 0 0 2 2 0 0 0 0]
[0 0 0 0 0 0 0 0 0 0 0 0 0 0 0]
[0 0 0 0 0 0 0 0 0 0 0 0 0 0 0]
[0 0 0 0 0 0 0 0 0 0 0 0 0 0 0]
[0 0 0 0 0 0 0 0 0 0 0 0 0 0 0]
[0 0 0 0 0 0 0 0 0 0 0 0 0 0 0]
[0 0 0 0 0 0 0 0 0 0 0 0 0 0 0]]
Output:
[[0 0 0 0 0 0 0 0 0 0 0 0 0 0 0]
[0 0 0 0 0 0 0 0 0 0 0 0 0 0 0]
[0 0 0 0 0 0 0 0 0 0 0 0 0 0 0]
[0 0 0 0 0 0 0 0 0 0 0 0 0 0 0]
[0 0 0 2 2 0 0 0 0 2 2 0 0 0 0]
[0 0 0 2 0 5 0 0 5 0 2 0 0 0 0]
[0 0 0 2 0 5 5 5 5 0 2 0 0 0 0]
[0 0 0 2 0 5 0 5 0 0 2 0 0 0 0]
[0 0 0 2 2 0 0 0 0 2 2 0 0 0 0]
[0 0 0 0 0 0 0 0 0 0 0 0 0 0 0]
[0 0 0 0 0 0 0 0 0 0 0 0 0 0 0]
[0 0 0 0 0 0 0 0 0 0 0 0 0 0 0]
[0 0 0 0 0 0 0 0 0 0 0 0 0 0 0]
[0 0 0 0 0 0 0 0 0 0 0 0 0 0 0]
[0 0 0 0 0 0 0 0 0 0 0 0 0 0 0]]

==========Human Description==========

In the input, you should see: correctly choosed

The output grid size: totally

To make the output, you have to: output grid perfectly

