6b9890af.json

Example 0:
Input:
[[0 0 0 0 0 0 0 0 0 0 0 0 0 0 0 0 0 0 0 0 0]
[0 0 0 0 0 0 0 0 0 0 0 0 0 0 0 0 0 0 0 0 0]
[0 0 0 0 0 0 8 0 0 0 0 0 0 0 0 0 0 0 0 0 0]
[0 0 0 0 0 8 8 8 0 0 0 0 0 0 0 0 0 0 0 0 0]
[0 0 0 0 0 0 8 0 0 0 0 0 0 0 0 0 0 0 0 0 0]
[0 0 0 0 0 0 0 0 0 0 0 0 0 0 0 0 0 0 0 0 0]
[0 0 0 0 0 0 0 0 0 0 0 0 0 0 0 0 0 0 0 0 0]
[0 0 0 0 0 0 2 2 2 2 2 2 2 2 0 0 0 0 0 0 0]
[0 0 0 0 0 0 2 0 0 0 0 0 0 2 0 0 0 0 0 0 0]
[0 0 0 0 0 0 2 0 0 0 0 0 0 2 0 0 0 0 0 0 0]
[0 0 0 0 0 0 2 0 0 0 0 0 0 2 0 0 0 0 0 0 0]
[0 0 0 0 0 0 2 0 0 0 0 0 0 2 0 0 0 0 0 0 0]
[0 0 0 0 0 0 2 0 0 0 0 0 0 2 0 0 0 0 0 0 0]
[0 0 0 0 0 0 2 0 0 0 0 0 0 2 0 0 0 0 0 0 0]
[0 0 0 0 0 0 2 2 2 2 2 2 2 2 0 0 0 0 0 0 0]
[0 0 0 0 0 0 0 0 0 0 0 0 0 0 0 0 0 0 0 0 0]
[0 0 0 0 0 0 0 0 0 0 0 0 0 0 0 0 0 0 0 0 0]
[0 0 0 0 0 0 0 0 0 0 0 0 0 0 0 0 0 0 0 0 0]]
Output:
[[2 2 2 2 2 2 2 2]
[2 0 0 8 8 0 0 2]
[2 0 0 8 8 0 0 2]
[2 8 8 8 8 8 8 2]
[2 8 8 8 8 8 8 2]
[2 0 0 8 8 0 0 2]
[2 0 0 8 8 0 0 2]
[2 2 2 2 2 2 2 2]]
Example 1:
Input:
[[0 0 0 0 0 0 0 0 0 0 0 0 0 0 0 0 0 0 0 0 0 0]
[0 0 0 0 0 0 0 0 0 0 0 0 0 0 0 0 0 0 0 0 0 0]
[0 0 2 2 2 2 2 0 0 0 0 0 0 0 0 0 0 0 0 0 0 0]
[0 0 2 0 0 0 2 0 0 0 0 0 0 0 0 0 0 0 0 0 0 0]
[0 0 2 0 0 0 2 0 0 0 0 0 0 0 0 0 0 0 0 0 0 0]
[0 0 2 0 0 0 2 0 0 0 0 0 0 0 0 0 0 0 0 0 0 0]
[0 0 2 2 2 2 2 0 0 0 0 0 0 0 0 0 0 0 0 0 0 0]
[0 0 0 0 0 0 0 0 0 0 0 0 0 0 0 0 0 0 0 0 0 0]
[0 0 0 0 0 0 0 0 0 0 0 0 0 0 0 0 0 0 0 0 0 0]
[0 0 0 0 0 0 0 0 0 0 0 1 1 0 0 0 0 0 0 0 0 0]
[0 0 0 0 0 0 0 0 0 0 1 0 0 0 0 0 0 0 0 0 0 0]
[0 0 0 0 0 0 0 0 0 0 0 1 1 0 0 0 0 0 0 0 0 0]
[0 0 0 0 0 0 0 0 0 0 0 0 0 0 0 0 0 0 0 0 0 0]
[0 0 0 0 0 0 0 0 0 0 0 0 0 0 0 0 0 0 0 0 0 0]
[0 0 0 0 0 0 0 0 0 0 0 0 0 0 0 0 0 0 0 0 0 0]
[0 0 0 0 0 0 0 0 0 0 0 0 0 0 0 0 0 0 0 0 0 0]
[0 0 0 0 0 0 0 0 0 0 0 0 0 0 0 0 0 0 0 0 0 0]
[0 0 0 0 0 0 0 0 0 0 0 0 0 0 0 0 0 0 0 0 0 0]
[0 0 0 0 0 0 0 0 0 0 0 0 0 0 0 0 0 0 0 0 0 0]]
Output:
[[2 2 2 2 2]
[2 0 1 1 2]
[2 1 0 0 2]
[2 0 1 1 2]
[2 2 2 2 2]]
Example 2:
Input:
[[0 0 0 0 0 0 0 0 0 0 0 0 0 0 0 0 0 0 0 0 0 0 0 0]
[0 0 2 2 2 2 2 2 2 2 2 2 2 0 0 0 0 0 0 0 0 0 0 0]
[0 0 2 0 0 0 0 0 0 0 0 0 2 0 0 0 0 0 0 0 0 0 0 0]
[0 0 2 0 0 0 0 0 0 0 0 0 2 0 0 0 0 0 0 0 0 0 0 0]
[0 0 2 0 0 0 0 0 0 0 0 0 2 0 0 0 0 0 0 0 0 0 0 0]
[0 0 2 0 0 0 0 0 0 0 0 0 2 0 0 0 0 0 0 0 0 0 0 0]
[0 0 2 0 0 0 0 0 0 0 0 0 2 0 0 0 0 0 0 0 0 0 0 0]
[0 0 2 0 0 0 0 0 0 0 0 0 2 0 0 0 0 0 0 0 0 0 0 0]
[0 0 2 0 0 0 0 0 0 0 0 0 2 0 0 0 0 0 0 0 0 0 0 0]
[0 0 2 0 0 0 0 0 0 0 0 0 2 0 0 0 0 0 0 0 0 0 0 0]
[0 0 2 0 0 0 0 0 0 0 0 0 2 0 0 0 0 0 0 0 0 0 0 0]
[0 0 2 2 2 2 2 2 2 2 2 2 2 0 0 0 0 0 0 0 0 0 0 0]
[0 0 0 0 0 0 0 0 0 0 0 0 0 0 0 0 0 0 0 0 0 0 0 0]
[0 0 0 0 0 0 0 0 0 0 0 0 0 0 0 0 0 0 0 0 0 0 0 0]
[0 0 0 0 0 0 0 0 0 0 0 0 0 0 0 0 0 0 0 0 0 0 0 0]
[0 0 0 0 0 0 0 0 0 0 0 0 0 0 4 4 0 0 0 0 0 0 0 0]
[0 0 0 0 0 0 0 0 0 0 0 0 0 4 0 4 0 0 0 0 0 0 0 0]
[0 0 0 0 0 0 0 0 0 0 0 0 0 0 0 4 0 0 0 0 0 0 0 0]
[0 0 0 0 0 0 0 0 0 0 0 0 0 0 0 0 0 0 0 0 0 0 0 0]
[0 0 0 0 0 0 0 0 0 0 0 0 0 0 0 0 0 0 0 0 0 0 0 0]
[0 0 0 0 0 0 0 0 0 0 0 0 0 0 0 0 0 0 0 0 0 0 0 0]]
Output:
[[2 2 2 2 2 2 2 2 2 2 2]
[2 0 0 0 4 4 4 4 4 4 2]
[2 0 0 0 4 4 4 4 4 4 2]
[2 0 0 0 4 4 4 4 4 4 2]
[2 4 4 4 0 0 0 4 4 4 2]
[2 4 4 4 0 0 0 4 4 4 2]
[2 4 4 4 0 0 0 4 4 4 2]
[2 0 0 0 0 0 0 4 4 4 2]
[2 0 0 0 0 0 0 4 4 4 2]
[2 0 0 0 0 0 0 4 4 4 2]
[2 2 2 2 2 2 2 2 2 2 2]]

==========Human Description==========

In the input, you should see: a large red square and a smaller object of a different color.

The output grid size: is identical to the red square.

To make the output, you have to: fill in the red square with the other colored object.

