Example 0:
Input:
[[0 7 7]
[7 7 7]
[0 7 7]]
Output:
[[0 0 0 0 7 7 0 7 7]
[0 0 0 7 7 7 7 7 7]
[0 0 0 0 7 7 0 7 7]
[0 7 7 0 7 7 0 7 7]
[7 7 7 7 7 7 7 7 7]
[0 7 7 0 7 7 0 7 7]
[0 0 0 0 7 7 0 7 7]
[0 0 0 7 7 7 7 7 7]
[0 0 0 0 7 7 0 7 7]]
Example 1:
Input:
[[4 0 4]
[0 0 0]
[0 4 0]]
Output:
[[4 0 4 0 0 0 4 0 4]
[0 0 0 0 0 0 0 0 0]
[0 4 0 0 0 0 0 4 0]
[0 0 0 0 0 0 0 0 0]
[0 0 0 0 0 0 0 0 0]
[0 0 0 0 0 0 0 0 0]
[0 0 0 4 0 4 0 0 0]
[0 0 0 0 0 0 0 0 0]
[0 0 0 0 4 0 0 0 0]]
Example 2:
Input:
[[0 0 0]
[0 0 2]
[2 0 2]]
Output:
[[0 0 0 0 0 0 0 0 0]
[0 0 0 0 0 0 0 0 0]
[0 0 0 0 0 0 0 0 0]
[0 0 0 0 0 0 0 0 0]
[0 0 0 0 0 0 0 0 2]
[0 0 0 0 0 0 2 0 2]
[0 0 0 0 0 0 0 0 0]
[0 0 2 0 0 0 0 0 2]
[2 0 2 0 0 0 2 0 2]]
Example 3:
Input:
[[6 6 0]
[6 0 0]
[0 6 6]]
Output:
[[6 6 0 6 6 0 0 0 0]
[6 0 0 6 0 0 0 0 0]
[0 6 6 0 6 6 0 0 0]
[6 6 0 0 0 0 0 0 0]
[6 0 0 0 0 0 0 0 0]
[0 6 6 0 0 0 0 0 0]
[0 0 0 6 6 0 6 6 0]
[0 0 0 6 0 0 6 0 0]
[0 0 0 0 6 6 0 6 6]]
Example 4:
Input:
[[2 2 2]
[0 0 0]
[0 2 2]]
Output:
[[2 2 2 2 2 2 2 2 2]
[0 0 0 0 0 0 0 0 0]
[0 2 2 0 2 2 0 2 2]
[0 0 0 0 0 0 0 0 0]
[0 0 0 0 0 0 0 0 0]
[0 0 0 0 0 0 0 0 0]
[0 0 0 2 2 2 2 2 2]
[0 0 0 0 0 0 0 0 0]
[0 0 0 0 2 2 0 2 2]]
