Example 0:
Input:
[[0 0 0 0 0 5 0 0 0]
[0 5 0 0 0 5 0 0 0]
[0 5 0 0 0 5 0 0 0]
[0 5 0 5 0 5 0 0 0]
[0 5 0 5 0 5 0 0 0]
[0 5 0 5 0 5 0 0 0]
[0 5 0 5 0 5 0 5 0]
[0 5 0 5 0 5 0 5 0]
[0 5 0 5 0 5 0 5 0]]
Output:
[[0 0 0 0 0 1 0 0 0]
[0 2 0 0 0 1 0 0 0]
[0 2 0 0 0 1 0 0 0]
[0 2 0 3 0 1 0 0 0]
[0 2 0 3 0 1 0 0 0]
[0 2 0 3 0 1 0 0 0]
[0 2 0 3 0 1 0 4 0]
[0 2 0 3 0 1 0 4 0]
[0 2 0 3 0 1 0 4 0]]
Example 1:
Input:
[[0 0 0 0 0 0 0 0 0]
[0 0 0 0 0 0 0 5 0]
[0 0 0 0 0 0 0 5 0]
[0 0 0 0 0 0 0 5 0]
[0 0 0 5 0 0 0 5 0]
[0 0 0 5 0 5 0 5 0]
[0 0 0 5 0 5 0 5 0]
[0 5 0 5 0 5 0 5 0]
[0 5 0 5 0 5 0 5 0]]
Output:
[[0 0 0 0 0 0 0 0 0]
[0 0 0 0 0 0 0 1 0]
[0 0 0 0 0 0 0 1 0]
[0 0 0 0 0 0 0 1 0]
[0 0 0 2 0 0 0 1 0]
[0 0 0 2 0 3 0 1 0]
[0 0 0 2 0 3 0 1 0]
[0 4 0 2 0 3 0 1 0]
[0 4 0 2 0 3 0 1 0]]
