Example 0:
Input:
[[0 0 0 0]
[0 5 0 0]]
Output:
[[8 0 8 0 8 0 8 0]
[0 5 0 0 0 5 0 0]
[8 0 8 0 8 0 8 0]
[0 5 0 0 0 5 0 0]]
Example 1:
Input:
[[0 0 6 0]
[0 0 0 0]
[0 6 0 0]]
Output:
[[0 0 6 0 0 0 6 0]
[8 8 8 8 8 8 8 8]
[0 6 0 8 0 6 0 8]
[8 0 6 0 8 0 6 0]
[8 8 8 8 8 8 8 8]
[0 6 0 0 0 6 0 0]]
Example 2:
Input:
[[0 0 0]
[0 4 0]
[0 0 0]
[0 0 0]
[4 0 0]]
Output:
[[8 0 8 8 0 8]
[0 4 0 0 4 0]
[8 0 8 8 0 8]
[0 8 8 0 8 0]
[4 0 0 4 0 0]
[8 8 8 8 8 8]
[0 4 0 0 4 0]
[8 0 8 8 0 8]
[0 8 8 0 8 0]
[4 0 0 4 0 0]]
Example 3:
Input:
[[0 0 0 0]
[0 2 0 0]
[0 0 0 0]
[0 0 0 0]]
Output:
[[8 0 8 0 8 0 8 0]
[0 2 0 0 0 2 0 0]
[8 0 8 0 8 0 8 0]
[0 0 0 0 0 0 0 0]
[8 0 8 0 8 0 8 0]
[0 2 0 0 0 2 0 0]
[8 0 8 0 8 0 8 0]
[0 0 0 0 0 0 0 0]]
