Example 0:
Input:
[[0 0 0 0 0 8 0 0 0 0 0 8 0 0 0 0 0]
[0 0 2 0 0 8 0 0 0 0 0 8 0 0 0 0 0]
[0 2 2 2 0 8 0 0 0 0 0 8 0 2 2 2 0]
[0 0 2 0 0 8 0 0 0 0 0 8 0 0 0 0 0]
[0 0 0 0 0 8 0 0 0 0 0 8 0 0 0 0 0]
[8 8 8 8 8 8 8 8 8 8 8 8 8 8 8 8 8]
[0 0 0 0 0 8 0 0 0 0 0 8 0 0 0 0 0]
[0 0 0 0 0 8 0 0 2 0 0 8 0 0 0 0 0]
[0 0 0 0 0 8 0 2 0 2 0 8 0 0 0 0 0]
[0 0 0 0 0 8 0 0 2 0 0 8 0 0 0 0 0]
[0 0 0 0 0 8 0 0 0 0 0 8 0 0 0 0 0]
[8 8 8 8 8 8 8 8 8 8 8 8 8 8 8 8 8]
[0 0 0 0 0 8 0 0 0 0 0 8 0 0 0 0 0]
[0 0 2 0 0 8 0 0 0 0 0 8 0 0 0 0 0]
[0 2 2 2 0 8 0 0 0 0 0 8 0 0 0 0 0]
[0 0 2 0 0 8 0 0 0 0 0 8 0 0 0 0 0]
[0 0 0 0 0 8 0 0 0 0 0 8 0 0 0 0 0]]
Output:
[[0 0 0 0 0 8 0 0 0 0 0 8 0 0 0 0 0]
[0 0 2 0 0 8 0 0 8 0 0 8 0 0 8 0 0]
[0 2 2 2 0 8 0 8 8 8 0 8 0 2 2 2 0]
[0 0 2 0 0 8 0 0 8 0 0 8 0 0 8 0 0]
[0 0 0 0 0 8 0 0 0 0 0 8 0 0 0 0 0]
[8 8 8 8 8 8 8 8 8 8 8 8 8 8 8 8 8]
[0 0 0 0 0 8 0 0 0 0 0 8 0 0 0 0 0]
[0 0 8 0 0 8 0 0 2 0 0 8 0 0 8 0 0]
[0 8 8 8 0 8 0 2 8 2 0 8 0 8 8 8 0]
[0 0 8 0 0 8 0 0 2 0 0 8 0 0 8 0 0]
[0 0 0 0 0 8 0 0 0 0 0 8 0 0 0 0 0]
[8 8 8 8 8 8 8 8 8 8 8 8 8 8 8 8 8]
[0 0 0 0 0 8 0 0 0 0 0 8 0 0 0 0 0]
[0 0 2 0 0 8 0 0 8 0 0 8 0 0 8 0 0]
[0 2 2 2 0 8 0 8 8 8 0 8 0 8 8 8 0]
[0 0 2 0 0 8 0 0 8 0 0 8 0 0 8 0 0]
[0 0 0 0 0 8 0 0 0 0 0 8 0 0 0 0 0]]
Example 1:
Input:
[[0 0 0 0 0 2 0 0 0 0 0 2 0 0 0 0 0]
[0 1 1 1 0 2 0 0 0 0 0 2 0 0 1 1 0]
[0 1 1 1 0 2 0 1 1 0 0 2 0 0 0 0 0]
[0 1 1 1 0 2 0 0 0 0 0 2 0 0 0 0 0]
[0 0 0 0 0 2 0 0 0 0 0 2 0 0 0 0 0]
[2 2 2 2 2 2 2 2 2 2 2 2 2 2 2 2 2]
[0 0 0 0 0 2 0 0 0 0 0 2 0 0 0 0 0]
[0 0 0 0 0 2 0 0 0 0 0 2 0 0 0 0 0]
[0 0 0 0 0 2 0 0 0 0 0 2 0 0 1 0 0]
[0 0 0 0 0 2 0 0 0 0 0 2 0 0 0 0 0]
[0 0 0 0 0 2 0 0 0 0 0 2 0 0 0 0 0]
[2 2 2 2 2 2 2 2 2 2 2 2 2 2 2 2 2]
[0 0 0 0 0 2 0 0 0 0 0 2 0 0 0 0 0]
[0 0 0 0 0 2 0 0 1 0 0 2 0 0 0 0 0]
[0 0 0 0 0 2 0 1 0 1 0 2 0 0 0 0 0]
[0 0 0 0 0 2 0 0 1 0 0 2 0 0 0 0 0]
[0 0 0 0 0 2 0 0 0 0 0 2 0 0 0 0 0]]
Output:
[[0 0 0 0 0 2 0 0 0 0 0 2 0 0 0 0 0]
[0 1 1 1 0 2 0 2 2 2 0 2 0 2 1 1 0]
[0 1 1 1 0 2 0 1 1 2 0 2 0 2 2 2 0]
[0 1 1 1 0 2 0 2 2 2 0 2 0 2 2 2 0]
[0 0 0 0 0 2 0 0 0 0 0 2 0 0 0 0 0]
[2 2 2 2 2 2 2 2 2 2 2 2 2 2 2 2 2]
[0 0 0 0 0 2 0 0 0 0 0 2 0 0 0 0 0]
[0 2 2 2 0 2 0 2 2 2 0 2 0 2 2 2 0]
[0 2 2 2 0 2 0 2 2 2 0 2 0 2 1 2 0]
[0 2 2 2 0 2 0 2 2 2 0 2 0 2 2 2 0]
[0 0 0 0 0 2 0 0 0 0 0 2 0 0 0 0 0]
[2 2 2 2 2 2 2 2 2 2 2 2 2 2 2 2 2]
[0 0 0 0 0 2 0 0 0 0 0 2 0 0 0 0 0]
[0 2 2 2 0 2 0 2 1 2 0 2 0 2 2 2 0]
[0 2 2 2 0 2 0 1 2 1 0 2 0 2 2 2 0]
[0 2 2 2 0 2 0 2 1 2 0 2 0 2 2 2 0]
[0 0 0 0 0 2 0 0 0 0 0 2 0 0 0 0 0]]
Example 2:
Input:
[[0 0 0 0 0 1 0 0 0 0 0 1 0 0 0 0 0]
[0 0 3 0 0 1 0 0 0 0 0 1 0 0 0 0 0]
[0 3 0 3 0 1 0 3 0 0 0 1 0 0 0 3 0]
[0 0 3 0 0 1 0 0 0 0 0 1 0 0 0 0 0]
[0 0 0 0 0 1 0 0 0 0 0 1 0 0 0 0 0]
[1 1 1 1 1 1 1 1 1 1 1 1 1 1 1 1 1]
[0 0 0 0 0 1 0 0 0 0 0 1 0 0 0 0 0]
[0 0 3 0 0 1 0 0 0 0 0 1 0 0 0 0 0]
[0 3 0 0 0 1 0 0 0 0 0 1 0 0 0 0 0]
[0 0 0 0 0 1 0 0 0 0 0 1 0 0 0 0 0]
[0 0 0 0 0 1 0 0 0 0 0 1 0 0 0 0 0]
[1 1 1 1 1 1 1 1 1 1 1 1 1 1 1 1 1]
[0 0 0 0 0 1 0 0 0 0 0 1 0 0 0 0 0]
[0 0 0 0 0 1 0 0 0 0 0 1 0 0 0 0 0]
[0 0 0 0 0 1 0 0 0 0 0 1 0 0 0 3 0]
[0 0 0 0 0 1 0 0 0 0 0 1 0 0 3 0 0]
[0 0 0 0 0 1 0 0 0 0 0 1 0 0 0 0 0]]
Output:
[[0 0 0 0 0 1 0 0 0 0 0 1 0 0 0 0 0]
[0 0 3 0 0 1 0 0 1 0 0 1 0 0 1 0 0]
[0 3 0 3 0 1 0 3 0 1 0 1 0 1 0 3 0]
[0 0 3 0 0 1 0 0 1 0 0 1 0 0 1 0 0]
[0 0 0 0 0 1 0 0 0 0 0 1 0 0 0 0 0]
[1 1 1 1 1 1 1 1 1 1 1 1 1 1 1 1 1]
[0 0 0 0 0 1 0 0 0 0 0 1 0 0 0 0 0]
[0 0 3 0 0 1 0 0 1 0 0 1 0 0 1 0 0]
[0 3 0 1 0 1 0 1 0 1 0 1 0 1 0 1 0]
[0 0 1 0 0 1 0 0 1 0 0 1 0 0 1 0 0]
[0 0 0 0 0 1 0 0 0 0 0 1 0 0 0 0 0]
[1 1 1 1 1 1 1 1 1 1 1 1 1 1 1 1 1]
[0 0 0 0 0 1 0 0 0 0 0 1 0 0 0 0 0]
[0 0 1 0 0 1 0 0 1 0 0 1 0 0 1 0 0]
[0 1 0 1 0 1 0 1 0 1 0 1 0 1 0 3 0]
[0 0 1 0 0 1 0 0 1 0 0 1 0 0 3 0 0]
[0 0 0 0 0 1 0 0 0 0 0 1 0 0 0 0 0]]

Overall discription of the objects in the task: 

The blue pixels seperate the grid into nine squares. Each square contains an object.

Objects in Example 1:
Input:
object 1:
pattern:
[[0 0 0 0 0]
[0 0 2 0 0]
[0 2 2 2 0]
[0 0 2 0 0]
[0 0 0 0 0]]
object 2:
pattern:
[[0 0 0 0 0]
[0 0 0 0 0]
[0 2 2 2 0]
[0 0 0 0 0]
[0 0 0 0 0]]




 


