Example 0:
Input:
[[0 0 0 0 0 0 0 0 0]
[0 0 0 0 0 0 0 0 0]
[0 0 0 0 0 0 0 0 0]
[0 0 0 0 0 0 0 0 0]
[0 0 4 2 0 0 0 0 0]
[0 0 4 4 0 0 0 0 0]
[0 0 0 0 0 0 0 0 0]
[0 0 0 0 0 0 0 0 0]
[0 0 0 0 0 0 0 0 0]]
Output:
[[0 0 0 0 0 0 4 4 4]
[0 0 0 0 0 4 4 4 0]
[0 0 0 0 4 4 4 0 0]
[0 0 0 4 4 4 0 0 0]
[0 0 4 4 4 0 0 0 0]
[0 0 4 4 0 0 0 0 0]
[0 0 0 0 0 0 0 0 0]
[0 0 0 0 0 0 0 0 0]
[0 0 0 0 0 0 0 0 0]]
Example 1:
Input:
[[0 0 0 0 0 0 0 0 0]
[0 0 3 3 0 0 0 0 0]
[0 0 3 2 0 0 0 0 0]
[0 0 0 0 0 0 0 0 0]
[0 0 0 0 0 0 0 0 0]
[0 0 0 0 0 0 0 0 0]
[0 0 0 0 0 0 0 0 0]
[0 0 0 0 0 0 0 0 0]
[0 0 0 0 0 0 0 0 0]]
Output:
[[0 0 0 0 0 0 0 0 0]
[0 0 3 3 0 0 0 0 0]
[0 0 3 3 3 0 0 0 0]
[0 0 0 3 3 3 0 0 0]
[0 0 0 0 3 3 3 0 0]
[0 0 0 0 0 3 3 3 0]
[0 0 0 0 0 0 3 3 3]
[0 0 0 0 0 0 0 3 3]
[0 0 0 0 0 0 0 0 3]]
Example 2:
Input:
[[0 0 0 0 0 0 0 0 0]
[0 0 0 0 0 0 0 0 0]
[0 0 0 0 0 0 0 0 0]
[0 0 0 6 2 0 0 0 0]
[0 0 0 2 6 0 0 0 0]
[0 0 0 0 0 0 0 0 0]
[0 0 0 0 0 0 0 0 0]
[0 0 0 0 0 0 0 0 0]
[0 0 0 0 0 0 0 0 0]]
Output:
[[0 0 0 0 0 0 6 6 6]
[0 0 0 0 0 6 6 6 0]
[0 0 0 0 6 6 6 0 0]
[0 0 0 6 6 6 0 0 0]
[0 0 6 6 6 0 0 0 0]
[0 6 6 6 0 0 0 0 0]
[6 6 6 0 0 0 0 0 0]
[6 6 0 0 0 0 0 0 0]
[6 0 0 0 0 0 0 0 0]]
Example 3:
Input:
[[0 0 0 0 0 0 0 0 0]
[0 0 0 0 0 0 0 0 0]
[0 0 0 0 0 0 0 0 0]
[0 0 0 2 2 0 0 0 0]
[0 0 0 2 7 0 0 0 0]
[0 0 0 0 0 0 0 0 0]
[0 0 0 0 0 0 0 0 0]
[0 0 0 0 0 0 0 0 0]
[0 0 0 0 0 0 0 0 0]]
Output:
[[7 7 0 0 0 0 7 7 7]
[7 7 7 0 0 7 7 7 0]
[0 7 7 7 7 7 7 0 0]
[0 0 7 7 7 7 0 0 0]
[0 0 7 7 7 0 0 0 0]
[0 7 7 7 0 0 0 0 0]
[7 7 7 0 0 0 0 0 0]
[7 7 0 0 0 0 0 0 0]
[7 0 0 0 0 0 0 0 0]]
