Example 0:
Input:
[[0 0 0 0 0 0 0 0 0 0]
[0 3 0 0 0 0 0 0 3 0]
[0 0 3 0 0 0 0 3 0 0]
[0 0 0 3 0 0 3 0 0 0]
[0 0 0 0 3 3 0 0 0 0]
[0 0 0 0 3 3 0 0 0 0]
[0 0 0 0 0 0 0 0 0 0]
[0 0 0 0 0 0 0 0 0 0]
[0 0 0 0 0 0 0 0 0 0]
[0 0 0 0 0 0 0 0 0 0]]
Output:
[[0 0 0 0 0 0 0 0 0 0]
[0 3 3 3 3 3 3 3 3 0]
[0 0 3 3 3 3 3 3 0 0]
[0 0 0 3 3 3 3 0 0 0]
[0 0 0 0 3 3 0 0 0 0]
[0 0 0 0 3 3 0 0 0 0]
[0 0 0 0 0 0 0 0 0 0]
[0 0 0 0 0 0 0 0 0 0]
[0 0 0 0 0 0 0 0 0 0]
[0 0 0 0 0 0 0 0 0 0]]
Example 1:
Input:
[[0 0 0 0 0 0 0 0 0 0]
[0 0 0 0 0 0 0 0 0 0]
[1 0 0 0 0 1 0 0 0 0]
[0 1 0 0 1 0 0 0 0 0]
[0 0 1 1 0 0 0 0 0 0]
[0 0 1 1 0 0 0 0 0 0]
[0 0 0 0 4 0 0 0 0 4]
[0 0 0 0 0 4 0 0 4 0]
[0 0 0 0 0 0 4 4 0 0]
[0 0 0 0 0 0 4 4 0 0]]
Output:
[[0 0 0 0 0 0 0 0 0 0]
[0 0 0 0 0 0 0 0 0 0]
[1 1 1 1 1 1 0 0 0 0]
[0 1 1 1 1 0 0 0 0 0]
[0 0 1 1 0 0 0 0 0 0]
[0 0 1 1 0 0 0 0 0 0]
[0 0 0 0 4 4 4 4 4 4]
[0 0 0 0 0 4 4 4 4 0]
[0 0 0 0 0 0 4 4 0 0]
[0 0 0 0 0 0 4 4 0 0]]
Example 2:
Input:
[[6 0 0 0 0 6 0 0 0 0]
[0 6 0 0 6 0 0 0 0 0]
[0 0 6 6 0 0 0 0 0 0]
[0 0 6 6 0 0 0 0 0 0]
[0 0 0 0 0 0 0 0 0 0]
[0 8 0 0 0 0 0 0 8 0]
[0 0 8 0 0 0 0 8 0 0]
[0 0 0 8 0 0 8 0 0 0]
[0 0 0 0 8 8 0 0 0 0]
[0 0 0 0 8 8 0 0 0 0]]
Output:
[[6 6 6 6 6 6 0 0 0 0]
[0 6 6 6 6 0 0 0 0 0]
[0 0 6 6 0 0 0 0 0 0]
[0 0 6 6 0 0 0 0 0 0]
[0 0 0 0 0 0 0 0 0 0]
[0 8 8 8 8 8 8 8 8 0]
[0 0 8 8 8 8 8 8 0 0]
[0 0 0 8 8 8 8 0 0 0]
[0 0 0 0 8 8 0 0 0 0]
[0 0 0 0 8 8 0 0 0 0]]
