Example 0:
Input:
[[0 0 0 0 0 0 0 0 0 0]
[0 7 6 0 0 0 0 0 0 0]
[0 9 4 0 0 0 0 0 0 0]
[0 0 0 0 0 0 0 0 0 0]
[0 0 0 0 0 8 8 0 0 0]
[0 0 0 0 0 8 8 0 0 0]
[0 0 0 0 0 0 0 0 0 0]
[0 0 8 8 0 0 0 0 0 0]
[0 0 8 8 0 0 0 0 8 8]
[0 0 0 0 0 0 0 0 8 8]]
Output:
[[0 0 0 0 0 0 0 0 0 0]
[0 0 0 0 0 0 0 0 0 0]
[0 0 0 0 0 0 0 0 0 0]
[0 0 0 0 0 0 0 0 0 0]
[0 0 0 0 0 7 6 0 0 0]
[0 0 0 0 0 9 4 0 0 0]
[0 0 0 0 0 0 0 0 0 0]
[0 0 7 6 0 0 0 0 0 0]
[0 0 9 4 0 0 0 0 7 6]
[0 0 0 0 0 0 0 0 9 4]]
Example 1:
Input:
[[0 0 0 0 0 0 0 0 0 0]
[0 8 8 0 0 0 0 0 0 0]
[0 8 8 8 0 0 8 8 0 0]
[0 0 0 0 0 0 8 8 8 0]
[0 0 0 0 0 0 0 0 0 0]
[0 0 0 0 0 7 7 0 0 0]
[0 0 0 0 0 6 6 6 0 0]
[0 0 0 8 8 0 0 0 0 0]
[0 0 0 8 8 8 0 0 0 0]
[0 0 0 0 0 0 0 0 0 0]]
Output:
[[0 0 0 0 0 0 0 0 0 0]
[0 7 7 0 0 0 0 0 0 0]
[0 6 6 6 0 0 7 7 0 0]
[0 0 0 0 0 0 6 6 6 0]
[0 0 0 0 0 0 0 0 0 0]
[0 0 0 0 0 0 0 0 0 0]
[0 0 0 0 0 0 0 0 0 0]
[0 0 0 7 7 0 0 0 0 0]
[0 0 0 6 6 6 0 0 0 0]
[0 0 0 0 0 0 0 0 0 0]]
