Example 0:
Input:
[[0 0 0 0 0 0 0 0 0 0 0 0 0]
[0 0 1 0 1 2 0 0 0 0 0 0 0]
[0 4 4 4 4 4 0 0 0 0 4 0 0]
[0 3 0 3 0 3 0 0 0 0 4 0 0]
[0 0 0 0 0 0 0 0 0 0 4 0 0]
[0 0 0 0 0 0 0 0 0 0 4 0 0]
[0 0 0 0 0 0 0 0 0 0 4 2 0]
[0 0 0 0 0 0 0 0 0 0 0 0 0]
[0 0 0 4 4 4 4 4 0 0 0 0 0]
[0 0 0 2 0 0 0 0 0 0 0 0 0]
[0 0 0 0 0 0 0 0 0 0 0 0 0]
[0 0 0 0 0 0 0 0 0 0 0 0 0]
[0 0 0 0 0 0 0 0 0 0 0 0 0]]
Output:
[[0 0 0 0 0 0 0 0 0 0 0 0 0]
[0 0 1 0 1 2 0 0 0 0 0 0 0]
[0 4 4 4 4 4 0 0 0 3 4 0 0]
[0 3 0 3 0 3 0 0 0 0 4 1 0]
[0 0 0 0 0 0 0 0 0 3 4 0 0]
[0 0 0 0 0 0 0 0 0 0 4 1 0]
[0 0 0 0 0 0 0 0 0 3 4 2 0]
[0 0 0 3 0 3 0 3 0 0 0 0 0]
[0 0 0 4 4 4 4 4 0 0 0 0 0]
[0 0 0 2 1 0 1 0 0 0 0 0 0]
[0 0 0 0 0 0 0 0 0 0 0 0 0]
[0 0 0 0 0 0 0 0 0 0 0 0 0]
[0 0 0 0 0 0 0 0 0 0 0 0 0]]
Example 1:
Input:
[[0 0 0 0 0 0 0 0 0 0 0 0 0]
[0 0 0 0 2 0 0 0 0 0 0 0 0]
[0 0 4 4 4 1 0 0 0 0 0 0 0]
[0 0 0 0 4 0 0 0 0 0 0 0 0]
[0 0 3 3 4 3 0 0 0 2 0 0 0]
[0 0 0 0 0 0 0 0 0 4 4 4 0]
[0 0 0 0 0 0 0 0 0 4 0 0 0]
[0 0 0 0 0 0 0 0 0 4 0 0 0]
[0 0 0 0 0 0 0 0 0 0 0 0 0]
[0 0 0 0 0 4 0 0 0 0 0 0 0]
[0 0 0 0 0 4 0 0 0 0 0 0 0]
[0 0 0 4 4 4 2 0 0 0 0 0 0]
[0 0 0 0 0 0 0 0 0 0 0 0 0]]
Output:
[[0 0 0 0 0 0 0 0 0 0 0 0 0]
[0 0 0 0 2 0 0 0 0 0 0 0 0]
[0 0 4 4 4 1 0 0 0 0 0 0 0]
[0 0 0 0 4 0 0 0 0 0 0 0 0]
[0 0 3 3 4 3 0 0 0 2 0 0 0]
[0 0 0 0 0 0 0 0 1 4 4 4 0]
[0 0 0 0 0 0 0 0 0 4 0 0 0]
[0 0 0 0 0 0 0 0 3 4 3 3 0]
[0 0 0 0 0 0 0 0 0 0 0 0 0]
[0 0 0 3 0 4 0 0 0 0 0 0 0]
[0 0 0 3 0 4 0 0 0 0 0 0 0]
[0 0 0 4 4 4 2 0 0 0 0 0 0]
[0 0 0 3 0 1 0 0 0 0 0 0 0]]
Example 2:
Input:
[[0 0 0 0 0 0 0 0 0 0 0 0 0]
[0 0 0 4 2 0 0 0 0 0 0 0 0]
[0 1 4 4 4 0 0 0 0 0 0 0 0]
[0 0 3 4 0 0 0 0 0 0 0 0 0]
[0 0 0 1 0 0 0 0 0 0 0 0 0]
[0 0 0 0 0 0 0 2 4 0 0 0 0]
[0 0 0 0 0 0 0 4 4 4 0 0 0]
[0 0 0 0 0 0 0 0 4 0 0 0 0]
[0 0 0 0 0 0 0 0 0 0 0 0 0]
[0 0 0 0 4 0 0 0 0 0 0 0 0]
[0 0 0 4 4 4 0 0 0 0 0 0 0]
[0 0 0 2 4 0 0 0 0 0 0 0 0]
[0 0 0 0 0 0 0 0 0 0 0 0 0]]
Output:
[[0 0 0 0 0 0 0 0 0 0 0 0 0]
[0 0 0 4 2 0 0 0 0 0 0 0 0]
[0 1 4 4 4 0 0 0 0 0 0 0 0]
[0 0 3 4 0 0 0 0 0 0 0 0 0]
[0 0 0 1 0 0 0 0 0 0 0 0 0]
[0 0 0 0 0 0 0 2 4 0 0 0 0]
[0 0 0 0 0 0 0 4 4 4 1 0 0]
[0 0 0 0 0 0 0 0 4 3 0 0 0]
[0 0 0 0 1 0 0 0 1 0 0 0 0]
[0 0 0 0 4 3 0 0 0 0 0 0 0]
[0 0 0 4 4 4 1 0 0 0 0 0 0]
[0 0 0 2 4 0 0 0 0 0 0 0 0]
[0 0 0 0 0 0 0 0 0 0 0 0 0]]
