Example 0:
Input:
[[0 0 0 0 0 0 0 0 0 0 0 0 0 0 0 0 0 0 0 0 0 0 0 0 0 0 0 0 0 0]
[4 4 4 4 4 4 4 4 4 4 4 4 4 4 4 4 4 4 4 4 4 4 4 4 4 4 4 4 4 0]
[4 4 4 4 4 4 4 4 4 4 4 4 4 4 4 4 4 4 4 4 4 4 4 4 4 4 4 4 4 0]
[4 4 4 4 4 4 4 4 4 4 4 4 4 4 4 4 4 4 4 4 4 4 4 4 4 4 4 4 4 0]
[0 0 0 0 0 0 0 0 0 0 0 0 0 0 0 0 0 0 0 0 0 0 0 0 0 0 0 0 0 0]
[0 0 0 0 0 0 0 0 0 0 0 0 8 8 8 8 8 8 8 8 8 8 8 8 8 0 0 0 0 0]
[0 0 0 0 0 0 0 0 0 0 0 0 8 8 8 8 8 8 8 8 8 8 8 8 8 0 0 0 0 0]
[0 0 0 0 0 0 0 0 0 0 0 0 8 8 8 8 8 8 8 8 8 8 8 8 8 0 0 0 0 0]]
Output:
[[0 0 0 0 0 0 0 0 0 0 0 0 0 0 0 0 0 0 0 0 0 0 0 0 0 0 0 0 0 0]
[4 4 4 4 4 4 4 4 4 4 4 4 4 4 4 4 4 4 4 4 4 4 4 4 4 4 4 4 4 0]
[4 0 4 0 4 0 4 0 4 0 4 0 4 0 4 0 4 0 4 0 4 0 4 0 4 0 4 0 4 0]
[4 4 4 4 4 4 4 4 4 4 4 4 4 4 4 4 4 4 4 4 4 4 4 4 4 4 4 4 4 0]
[0 0 0 0 0 0 0 0 0 0 0 0 0 0 0 0 0 0 0 0 0 0 0 0 0 0 0 0 0 0]
[0 0 0 0 0 0 0 0 0 0 0 0 8 8 8 8 8 8 8 8 8 8 8 8 8 0 0 0 0 0]
[0 0 0 0 0 0 0 0 0 0 0 0 8 0 8 0 8 0 8 0 8 0 8 0 8 0 0 0 0 0]
[0 0 0 0 0 0 0 0 0 0 0 0 8 8 8 8 8 8 8 8 8 8 8 8 8 0 0 0 0 0]]
Example 1:
Input:
[[0 0 0 0 0 0 0 0 0 0 0 0 0 0 0 0 0 0 0 0]
[0 1 1 1 1 1 1 1 1 1 0 0 0 0 0 0 0 0 0 0]
[0 1 1 1 1 1 1 1 1 1 0 0 0 0 0 0 0 0 0 0]
[0 1 1 1 1 1 1 1 1 1 0 0 0 0 0 0 0 0 0 0]
[0 0 0 0 0 0 0 0 0 0 0 0 0 0 0 0 0 0 0 0]
[0 0 0 0 0 0 0 7 7 7 7 7 7 7 7 7 7 7 0 0]
[0 0 0 0 0 0 0 7 7 7 7 7 7 7 7 7 7 7 0 0]
[0 0 0 0 0 0 0 7 7 7 7 7 7 7 7 7 7 7 0 0]]
Output:
[[0 0 0 0 0 0 0 0 0 0 0 0 0 0 0 0 0 0 0 0]
[0 1 1 1 1 1 1 1 1 1 0 0 0 0 0 0 0 0 0 0]
[0 1 0 1 0 1 0 1 0 1 0 0 0 0 0 0 0 0 0 0]
[0 1 1 1 1 1 1 1 1 1 0 0 0 0 0 0 0 0 0 0]
[0 0 0 0 0 0 0 0 0 0 0 0 0 0 0 0 0 0 0 0]
[0 0 0 0 0 0 0 7 7 7 7 7 7 7 7 7 7 7 0 0]
[0 0 0 0 0 0 0 7 0 7 0 7 0 7 0 7 0 7 0 0]
[0 0 0 0 0 0 0 7 7 7 7 7 7 7 7 7 7 7 0 0]]
