Example 0:
Input:
[[8 8 8 8 8 8 8 8 8 8 8 8 8 8 8]
[8 8 8 1 1 1 1 1 8 8 8 8 8 8 8]
[8 8 8 1 8 8 8 1 8 8 8 8 8 8 8]
[8 8 8 1 8 8 8 1 8 8 8 8 8 8 8]
[8 8 8 1 8 8 8 1 8 8 8 8 8 8 8]
[8 8 8 1 1 1 1 1 8 8 8 8 8 8 8]
[8 8 8 8 8 8 8 8 8 8 8 8 8 8 8]
[8 8 8 8 8 8 8 8 8 8 8 8 8 8 8]
[8 8 8 8 8 8 8 8 8 8 8 8 8 8 8]
[8 8 8 8 8 8 8 8 8 8 8 8 8 8 8]
[8 8 8 8 8 8 8 8 8 8 8 8 8 8 8]
[8 8 8 8 8 8 8 8 8 8 8 8 8 8 8]
[8 8 8 8 8 8 8 8 8 8 8 8 8 8 8]
[8 8 8 8 8 8 8 8 8 8 8 8 8 8 8]
[8 8 8 8 8 8 8 8 8 8 8 8 8 8 8]]
Output:
[[8 8 8 8 8 6 8 8 8 8 8 8 8 8 8]
[8 8 8 1 1 1 1 1 8 8 8 8 8 8 8]
[8 8 8 1 8 6 8 1 8 8 8 8 8 8 8]
[6 6 6 1 6 6 6 1 6 6 6 6 6 6 6]
[8 8 8 1 8 6 8 1 8 8 8 8 8 8 8]
[8 8 8 1 1 1 1 1 8 8 8 8 8 8 8]
[8 8 8 8 8 6 8 8 8 8 8 8 8 8 8]
[8 8 8 8 8 6 8 8 8 8 8 8 8 8 8]
[8 8 8 8 8 6 8 8 8 8 8 8 8 8 8]
[8 8 8 8 8 6 8 8 8 8 8 8 8 8 8]
[8 8 8 8 8 6 8 8 8 8 8 8 8 8 8]
[8 8 8 8 8 6 8 8 8 8 8 8 8 8 8]
[8 8 8 8 8 6 8 8 8 8 8 8 8 8 8]
[8 8 8 8 8 6 8 8 8 8 8 8 8 8 8]
[8 8 8 8 8 6 8 8 8 8 8 8 8 8 8]]
Example 1:
Input:
[[8 8 8 8 8 8 8 8 8 8 8 8 8 8 8]
[8 8 8 8 8 8 8 8 8 8 8 8 8 8 8]
[8 8 8 8 8 8 8 8 8 8 8 8 8 8 8]
[8 8 8 1 1 1 1 1 8 8 8 8 8 8 8]
[8 8 8 1 8 8 8 1 8 8 8 8 8 8 8]
[8 8 8 1 8 8 8 1 8 8 8 8 8 8 8]
[8 8 8 1 8 8 8 1 8 8 8 8 8 8 8]
[8 8 8 1 1 1 1 1 8 8 8 8 8 8 8]
[8 8 8 8 8 8 8 8 8 8 8 8 8 8 8]
[8 8 8 8 8 8 8 8 1 1 1 1 1 8 8]
[8 8 8 8 8 8 8 8 1 8 8 8 1 8 8]
[8 8 8 8 8 8 8 8 1 8 8 8 1 8 8]
[8 8 8 8 8 8 8 8 1 8 8 8 1 8 8]
[8 8 8 8 8 8 8 8 1 1 1 1 1 8 8]
[8 8 8 8 8 8 8 8 8 8 8 8 8 8 8]]
Output:
[[8 8 8 8 8 6 8 8 8 8 6 8 8 8 8]
[8 8 8 8 8 6 8 8 8 8 6 8 8 8 8]
[8 8 8 8 8 6 8 8 8 8 6 8 8 8 8]
[8 8 8 1 1 1 1 1 8 8 6 8 8 8 8]
[8 8 8 1 8 6 8 1 8 8 6 8 8 8 8]
[6 6 6 1 6 6 6 1 6 6 6 6 6 6 6]
[8 8 8 1 8 6 8 1 8 8 6 8 8 8 8]
[8 8 8 1 1 1 1 1 8 8 6 8 8 8 8]
[8 8 8 8 8 6 8 8 8 8 6 8 8 8 8]
[8 8 8 8 8 6 8 8 1 1 1 1 1 8 8]
[8 8 8 8 8 6 8 8 1 8 6 8 1 8 8]
[6 6 6 6 6 6 6 6 1 6 6 6 1 6 6]
[8 8 8 8 8 6 8 8 1 8 6 8 1 8 8]
[8 8 8 8 8 6 8 8 1 1 1 1 1 8 8]
[8 8 8 8 8 6 8 8 8 8 6 8 8 8 8]]
