Example 0:
Input:
[[7 7 0 7]
[0 7 7 0]
[0 7 7 7]
[0 7 7 0]
[4 4 4 4]
[0 0 0 0]
[0 2 0 2]
[2 2 2 0]
[2 0 0 2]]
Output:
[[0 0 3 0]
[3 0 0 0]
[0 0 0 0]
[0 0 0 0]]
Example 1:
Input:
[[0 0 7 7]
[0 0 7 7]
[0 7 7 0]
[7 7 0 0]
[4 4 4 4]
[2 0 2 0]
[0 2 0 2]
[0 2 2 0]
[0 0 2 0]]
Output:
[[0 3 0 0]
[3 0 0 0]
[3 0 0 3]
[0 0 0 3]]
Example 2:
Input:
[[0 0 0 7]
[0 7 7 7]
[0 7 0 0]
[0 7 7 7]
[4 4 4 4]
[0 0 2 0]
[0 2 2 2]
[2 2 0 0]
[0 2 0 2]]
Output:
[[3 3 0 0]
[3 0 0 0]
[0 0 3 3]
[3 0 0 0]]
Example 3:
Input:
[[7 0 7 0]
[0 0 7 7]
[7 0 7 7]
[7 7 0 0]
[4 4 4 4]
[0 0 2 2]
[0 0 0 0]
[2 0 0 2]
[0 2 0 2]]
Output:
[[0 3 0 0]
[3 3 0 0]
[0 3 0 0]
[0 0 3 0]]
