Example 0:
Input:
[[3 3 0]
[0 3 0]
[3 0 3]]
Output:
[[8 8 0]
[0 8 0]
[3 0 3]]
Example 1:
Input:
[[0 3 0 0 0 3]
[0 3 3 3 0 0]
[0 0 0 0 3 0]
[0 3 0 0 0 0]]
Output:
[[0 8 0 0 0 3]
[0 8 8 8 0 0]
[0 0 0 0 3 0]
[0 3 0 0 0 0]]
Example 2:
Input:
[[3 3 0 3]
[3 3 0 0]
[3 0 0 3]
[0 0 3 3]]
Output:
[[8 8 0 3]
[8 8 0 0]
[8 0 0 8]
[0 0 8 8]]
Example 3:
Input:
[[3 3 0 0 0 0]
[0 3 0 0 3 0]
[3 0 0 0 0 0]
[0 3 3 0 0 0]
[0 3 3 0 0 3]]
Output:
[[8 8 0 0 0 0]
[0 8 0 0 3 0]
[3 0 0 0 0 0]
[0 8 8 0 0 0]
[0 8 8 0 0 3]]
