Example 0:
Input:
[[0 0 0 0 5 0 0 0 0 0 0 0 0 0 0]
[0 0 0 0 5 0 0 0 0 0 0 0 0 0 0]
[0 0 0 0 0 0 0 0 0 0 0 0 0 0 0]
[0 0 2 2 2 2 2 0 0 0 0 0 0 0 0]
[0 0 2 0 0 0 2 0 0 0 0 0 0 0 0]
[0 0 0 0 0 0 0 0 0 0 0 0 0 0 0]
[0 0 0 0 0 0 0 0 0 0 0 0 0 0 0]
[0 0 0 0 0 0 0 0 0 0 0 0 0 0 0]
[0 0 0 0 0 0 0 0 0 0 0 0 0 0 0]
[0 0 0 0 0 0 0 0 0 0 0 0 0 0 0]
[0 0 2 0 0 0 2 0 0 0 0 0 0 0 0]
[0 0 2 2 2 2 2 0 0 0 0 0 0 0 0]
[0 0 0 0 0 0 0 0 0 0 0 0 0 0 0]
[0 0 0 5 5 5 0 0 0 0 0 0 0 0 0]
[0 0 0 0 0 0 0 0 0 0 0 0 0 0 0]]
Output:
[[0 0 0 0 0 0 0 0 0 0 0 0 0 0 0]
[0 0 0 0 0 0 0 0 0 0 0 0 0 0 0]
[0 0 0 0 0 0 0 0 0 0 0 0 0 0 0]
[0 0 2 2 2 2 2 0 0 0 0 0 0 0 0]
[0 0 2 0 0 0 2 0 0 0 0 0 0 0 0]
[0 0 0 0 5 0 0 0 0 0 0 0 0 0 0]
[0 0 0 0 5 0 0 0 0 0 0 0 0 0 0]
[0 0 0 0 0 0 0 0 0 0 0 0 0 0 0]
[0 0 0 0 0 0 0 0 0 0 0 0 0 0 0]
[0 0 0 5 5 5 0 0 0 0 0 0 0 0 0]
[0 0 2 0 0 0 2 0 0 0 0 0 0 0 0]
[0 0 2 2 2 2 2 0 0 0 0 0 0 0 0]
[0 0 0 0 0 0 0 0 0 0 0 0 0 0 0]
[0 0 0 0 0 0 0 0 0 0 0 0 0 0 0]
[0 0 0 0 0 0 0 0 0 0 0 0 0 0 0]]
Example 1:
Input:
[[0 0 0 0 0 0 0 0 0 0 0 0 0 0 0]
[0 0 0 0 0 0 0 0 0 0 0 0 0 0 0]
[0 0 0 0 0 0 0 0 0 0 0 0 0 0 0]
[0 0 0 0 0 0 0 0 0 0 0 0 0 0 0]
[0 0 0 0 0 0 0 0 0 0 0 0 0 0 0]
[0 0 0 2 2 0 0 0 0 0 2 2 0 0 0]
[0 0 0 2 0 0 0 0 0 0 0 2 0 5 0]
[5 5 0 2 0 0 0 0 0 0 0 2 0 5 5]
[5 5 0 2 0 0 0 0 0 0 0 2 0 5 5]
[0 0 0 2 0 0 0 0 0 0 0 2 0 5 0]
[0 0 0 2 2 0 0 0 0 0 2 2 0 0 0]
[0 0 0 0 0 0 0 0 0 0 0 0 0 0 0]
[0 0 0 0 0 0 0 0 0 0 0 0 0 0 0]
[0 0 0 0 0 0 0 0 0 0 0 0 0 0 0]
[0 0 0 0 0 0 0 0 0 0 0 0 0 0 0]]
Output:
[[0 0 0 0 0 0 0 0 0 0 0 0 0 0 0]
[0 0 0 0 0 0 0 0 0 0 0 0 0 0 0]
[0 0 0 0 0 0 0 0 0 0 0 0 0 0 0]
[0 0 0 0 0 0 0 0 0 0 0 0 0 0 0]
[0 0 0 0 0 0 0 0 0 0 0 0 0 0 0]
[0 0 0 2 2 0 0 0 0 0 2 2 0 0 0]
[0 0 0 2 0 0 0 0 0 5 0 2 0 0 0]
[0 0 0 2 0 5 5 0 5 5 0 2 0 0 0]
[0 0 0 2 0 5 5 0 5 5 0 2 0 0 0]
[0 0 0 2 0 0 0 0 0 5 0 2 0 0 0]
[0 0 0 2 2 0 0 0 0 0 2 2 0 0 0]
[0 0 0 0 0 0 0 0 0 0 0 0 0 0 0]
[0 0 0 0 0 0 0 0 0 0 0 0 0 0 0]
[0 0 0 0 0 0 0 0 0 0 0 0 0 0 0]
[0 0 0 0 0 0 0 0 0 0 0 0 0 0 0]]
Example 2:
Input:
[[0 0 0 0 0 0 0 0 0 0 0 0 0 0 0]
[0 0 0 0 0 0 0 0 0 0 0 0 0 0 0]
[0 0 0 0 0 0 0 0 0 0 0 0 0 0 0]
[0 0 0 0 0 0 0 0 0 0 0 0 0 0 0]
[0 0 0 2 2 0 0 0 0 2 2 0 0 0 0]
[0 5 0 2 0 0 0 0 0 0 2 0 5 0 0]
[5 5 0 2 0 0 0 0 0 0 2 0 5 5 0]
[0 5 0 2 0 0 0 0 0 0 2 0 0 5 0]
[0 0 0 2 2 0 0 0 0 2 2 0 0 0 0]
[0 0 0 0 0 0 0 0 0 0 0 0 0 0 0]
[0 0 0 0 0 0 0 0 0 0 0 0 0 0 0]
[0 0 0 0 0 0 0 0 0 0 0 0 0 0 0]
[0 0 0 0 0 0 0 0 0 0 0 0 0 0 0]
[0 0 0 0 0 0 0 0 0 0 0 0 0 0 0]
[0 0 0 0 0 0 0 0 0 0 0 0 0 0 0]]
Output:
[[0 0 0 0 0 0 0 0 0 0 0 0 0 0 0]
[0 0 0 0 0 0 0 0 0 0 0 0 0 0 0]
[0 0 0 0 0 0 0 0 0 0 0 0 0 0 0]
[0 0 0 0 0 0 0 0 0 0 0 0 0 0 0]
[0 0 0 2 2 0 0 0 0 2 2 0 0 0 0]
[0 0 0 2 0 5 0 0 5 0 2 0 0 0 0]
[0 0 0 2 0 5 5 5 5 0 2 0 0 0 0]
[0 0 0 2 0 5 0 5 0 0 2 0 0 0 0]
[0 0 0 2 2 0 0 0 0 2 2 0 0 0 0]
[0 0 0 0 0 0 0 0 0 0 0 0 0 0 0]
[0 0 0 0 0 0 0 0 0 0 0 0 0 0 0]
[0 0 0 0 0 0 0 0 0 0 0 0 0 0 0]
[0 0 0 0 0 0 0 0 0 0 0 0 0 0 0]
[0 0 0 0 0 0 0 0 0 0 0 0 0 0 0]
[0 0 0 0 0 0 0 0 0 0 0 0 0 0 0]]
