Example 0:
Input:
[[2 2 2 2 2 2 2 2 2 2 2 2 2 2 2]
[2 0 2 2 2 2 2 2 2 2 2 2 2 2 0]
[2 0 0 2 2 2 0 0 0 2 2 2 2 2 0]
[0 0 0 0 0 0 0 0 0 0 0 0 0 0 0]
[0 0 0 0 0 0 0 0 0 0 0 0 0 0 0]
[0 0 0 0 0 0 0 0 0 0 0 0 0 0 0]
[0 0 0 0 0 0 0 0 0 0 0 0 0 5 0]
[0 0 0 0 0 0 5 0 0 0 0 0 0 5 0]
[0 5 5 5 0 0 5 5 0 0 0 0 0 5 0]
[0 5 5 5 0 0 5 5 5 0 0 0 0 5 0]]
Output:
[[2 2 2 2 2 2 2 2 2 2 2 2 2 2 2]
[2 1 2 2 2 2 2 2 2 2 2 2 2 2 1]
[2 1 1 2 2 2 1 1 1 2 2 2 2 2 1]
[0 1 1 1 0 0 1 1 1 0 0 0 0 0 1]
[0 0 0 0 0 0 0 0 0 0 0 0 0 0 1]
[0 0 0 0 0 0 0 0 0 0 0 0 0 0 0]
[0 0 0 0 0 0 0 0 0 0 0 0 0 0 0]
[0 0 0 0 0 0 0 0 0 0 0 0 0 0 0]
[0 0 0 0 0 0 0 0 0 0 0 0 0 0 0]
[0 0 0 0 0 0 0 0 0 0 0 0 0 0 0]]
Example 1:
Input:
[[2 2 2 2 2 2 2 2 2 2 2 2 2 2 2]
[2 2 2 2 0 2 2 2 0 2 2 0 0 2 2]
[2 0 0 2 0 2 2 0 0 0 2 0 0 2 2]
[0 0 0 0 0 0 0 0 0 0 0 0 0 0 0]
[0 0 0 0 0 0 0 0 0 0 0 0 0 0 0]
[0 0 0 0 0 0 0 0 0 0 0 0 0 0 0]
[0 5 5 0 0 0 0 0 0 0 0 0 0 0 0]
[0 5 5 0 0 0 0 0 0 0 5 0 0 0 0]
[5 5 5 5 0 0 0 5 0 0 5 0 0 5 5]
[0 5 5 0 0 0 5 5 5 0 5 0 5 5 5]]
Output:
[[2 2 2 2 2 2 2 2 2 2 2 2 2 2 2]
[2 2 2 2 1 2 2 2 1 2 2 1 1 2 2]
[2 1 1 2 1 2 2 1 1 1 2 1 1 2 2]
[1 1 1 0 1 0 0 0 0 0 1 1 1 1 0]
[0 0 0 0 0 0 0 0 0 0 0 1 1 0 0]
[0 0 0 0 0 0 0 0 0 0 0 0 0 0 0]
[0 0 0 0 0 0 0 0 0 0 0 0 0 0 0]
[0 0 0 0 0 0 0 0 0 0 0 0 0 0 0]
[0 0 0 0 0 0 0 0 0 0 0 0 0 0 0]
[0 0 0 0 0 0 0 0 0 0 0 0 0 0 0]]
