Example 0:
Input:
[[0 0 0 0 0 0 0 0 0 0 0 0 0 0 0 0 0 0 0 0]
[0 0 0 0 0 0 0 0 0 0 0 0 0 0 0 0 0 0 0 0]
[0 0 0 0 0 8 0 0 0 0 0 0 0 0 0 0 0 0 0 0]
[0 0 0 0 0 0 0 0 0 0 0 0 0 0 0 0 8 0 0 0]
[0 0 0 8 0 0 0 0 0 0 0 0 0 0 0 0 0 0 0 0]
[0 0 0 0 0 0 0 0 0 9 0 0 0 0 0 0 0 0 0 0]
[0 0 0 0 0 0 0 0 9 9 9 0 0 0 0 0 0 0 0 0]
[0 0 0 0 0 0 0 9 9 0 9 9 0 0 0 0 0 0 0 0]
[0 0 0 0 0 0 9 0 0 0 0 0 9 0 0 0 0 0 0 0]
[0 0 0 0 0 0 0 0 0 0 0 0 0 0 0 0 0 0 0 0]
[0 8 0 0 0 0 0 0 0 0 0 0 0 0 0 0 0 0 8 0]
[0 0 0 0 0 0 0 0 0 0 0 0 0 0 0 0 0 0 0 0]
[0 0 0 0 0 0 0 0 0 0 0 0 0 0 0 0 0 0 0 0]
[0 0 0 0 0 0 0 0 0 8 0 0 0 0 0 0 0 0 0 0]
[0 0 0 0 0 0 0 0 0 0 0 0 0 0 0 0 0 0 0 0]
[0 0 0 0 0 0 0 0 0 0 0 0 0 0 0 0 0 0 0 0]
[0 0 0 0 0 0 0 0 0 0 0 0 0 0 0 0 0 0 0 0]
[0 0 0 0 0 0 0 0 0 0 0 0 0 0 0 0 0 0 0 0]
[0 0 0 0 0 0 0 0 0 0 0 0 0 0 0 8 0 0 0 0]
[0 8 0 0 0 0 0 0 0 0 0 0 0 0 0 0 0 0 0 0]]
Output:
[[0 0 0 0 0 0 0 0 0 0 0 0 0 0 0 0 0 0 0 0]
[0 0 0 0 0 0 0 0 0 0 0 0 0 0 0 0 0 0 0 0]
[0 0 0 0 0 8 0 0 0 0 0 0 0 0 0 0 0 0 0 0]
[0 0 0 0 0 0 0 0 0 0 0 0 0 0 0 0 8 0 0 0]
[0 0 0 8 0 0 0 0 0 0 0 0 0 0 0 0 0 0 0 0]
[0 0 0 0 0 0 0 0 0 9 0 0 0 0 0 0 0 0 0 0]
[0 0 0 0 0 0 0 0 9 9 9 0 0 0 0 0 0 0 0 0]
[0 0 0 0 0 0 0 9 9 8 9 9 0 0 0 0 0 0 0 0]
[0 0 0 0 0 0 9 0 0 8 0 0 9 0 0 0 0 0 0 0]
[0 0 0 0 0 0 0 0 0 8 0 0 0 0 0 0 0 0 0 0]
[0 8 0 0 0 0 0 0 0 8 0 0 0 0 0 0 0 0 8 0]
[0 0 0 0 0 0 0 0 0 8 0 0 0 0 0 0 0 0 0 0]
[0 0 0 0 0 0 0 0 0 8 0 0 0 0 0 0 0 0 0 0]
[0 0 0 0 0 0 0 0 0 8 0 0 0 0 0 0 0 0 0 0]
[0 0 0 0 0 0 0 0 0 8 0 0 0 0 0 0 0 0 0 0]
[0 0 0 0 0 0 0 0 0 8 0 0 0 0 0 0 0 0 0 0]
[0 0 0 0 0 0 0 0 0 8 0 0 0 0 0 0 0 0 0 0]
[0 0 0 0 0 0 0 0 0 8 0 0 0 0 0 0 0 0 0 0]
[0 0 0 0 0 0 0 0 0 8 0 0 0 0 0 8 0 0 0 0]
[0 8 0 0 0 0 0 0 0 8 0 0 0 0 0 0 0 0 0 0]]
Example 1:
Input:
[[0 0 0 0 0 0 0 0 0 0 0 0 0 0 0 0 0 0 0 0]
[0 0 0 0 0 0 0 0 2 0 0 0 0 0 0 0 0 0 0 0]
[0 0 2 0 0 0 0 0 0 0 0 0 0 0 0 0 0 0 0 0]
[0 0 0 0 0 0 0 0 0 0 0 0 0 0 0 0 0 0 0 0]
[0 0 0 0 0 0 0 0 0 0 0 0 0 2 0 0 2 0 0 0]
[0 0 0 0 0 0 0 7 0 0 0 0 0 0 0 0 0 0 0 0]
[0 0 0 0 0 0 7 7 7 0 0 0 0 0 0 0 0 0 0 0]
[0 0 0 0 0 7 7 0 7 7 0 0 0 0 0 0 0 0 0 0]
[0 0 0 0 7 0 0 0 0 0 7 0 0 0 0 0 0 0 0 0]
[0 0 0 0 0 0 0 0 0 0 0 0 0 0 0 0 0 2 0 0]
[0 2 0 0 0 0 0 0 0 2 0 0 0 0 0 0 0 0 0 0]
[0 0 0 0 0 0 0 0 0 0 0 0 0 0 0 0 0 0 0 0]
[0 0 0 0 0 0 2 0 0 0 0 0 0 0 0 0 0 0 0 0]
[0 0 0 0 0 0 0 0 0 0 0 0 0 0 0 0 0 0 0 0]
[0 0 0 0 0 0 0 0 0 0 0 0 0 0 0 0 2 0 0 0]
[0 0 0 0 0 0 0 0 0 0 0 0 0 0 0 0 0 0 0 0]
[0 0 0 0 0 0 0 0 0 0 0 0 0 0 0 0 0 0 0 0]
[0 0 0 0 0 0 0 0 0 0 0 0 0 0 2 0 0 0 0 0]
[0 2 0 0 0 0 0 0 0 0 0 0 0 0 0 0 0 0 0 0]
[0 0 0 0 0 0 0 0 0 0 0 0 0 0 0 0 0 0 0 0]]
Output:
[[0 0 0 0 0 0 0 0 0 0 0 0 0 0 0 0 0 0 0 0]
[0 0 0 0 0 0 0 0 2 0 0 0 0 0 0 0 0 0 0 0]
[0 0 2 0 0 0 0 0 0 0 0 0 0 0 0 0 0 0 0 0]
[0 0 0 0 0 0 0 0 0 0 0 0 0 0 0 0 0 0 0 0]
[0 0 0 0 0 0 0 0 0 0 0 0 0 2 0 0 2 0 0 0]
[0 0 0 0 0 0 0 7 0 0 0 0 0 0 0 0 0 0 0 0]
[0 0 0 0 0 0 7 7 7 0 0 0 0 0 0 0 0 0 0 0]
[0 0 0 0 0 7 7 0 7 7 0 0 0 0 0 0 0 0 0 0]
[0 0 0 0 7 0 2 0 0 2 7 0 0 0 0 0 0 0 0 0]
[0 0 0 0 0 0 2 0 0 2 0 0 0 0 0 0 0 2 0 0]
[0 2 0 0 0 0 2 0 0 2 0 0 0 0 0 0 0 0 0 0]
[0 0 0 0 0 0 2 0 0 2 0 0 0 0 0 0 0 0 0 0]
[0 0 0 0 0 0 2 0 0 2 0 0 0 0 0 0 0 0 0 0]
[0 0 0 0 0 0 2 0 0 2 0 0 0 0 0 0 0 0 0 0]
[0 0 0 0 0 0 2 0 0 2 0 0 0 0 0 0 2 0 0 0]
[0 0 0 0 0 0 2 0 0 2 0 0 0 0 0 0 0 0 0 0]
[0 0 0 0 0 0 2 0 0 2 0 0 0 0 0 0 0 0 0 0]
[0 0 0 0 0 0 2 0 0 2 0 0 0 0 2 0 0 0 0 0]
[0 2 0 0 0 0 2 0 0 2 0 0 0 0 0 0 0 0 0 0]
[0 0 0 0 0 0 2 0 0 2 0 0 0 0 0 0 0 0 0 0]]
Example 2:
Input:
[[0 0 0 0 0 0 0 0 0 0 0 0 0 0 0 0 0 0 0 0]
[0 0 0 0 0 0 0 0 0 0 0 0 0 0 3 0 0 0 0 0]
[0 0 0 0 0 3 0 0 0 0 3 0 0 0 0 0 0 0 0 0]
[0 0 0 0 0 0 0 0 0 0 0 0 0 0 0 0 0 0 0 0]
[0 3 0 0 0 0 0 0 0 0 0 0 4 0 0 0 0 0 0 0]
[0 0 0 0 0 0 0 3 0 0 0 4 4 4 0 0 0 0 3 0]
[0 0 0 0 0 0 0 0 0 0 4 4 0 4 4 0 0 0 0 0]
[0 0 0 0 3 0 0 0 0 4 0 0 0 0 0 4 0 0 0 0]
[0 0 0 0 0 0 0 0 0 0 0 0 0 0 0 0 0 0 0 0]
[0 0 0 0 0 0 0 0 0 0 3 0 0 0 0 0 0 0 0 0]
[0 0 3 0 0 0 0 0 0 0 0 0 0 0 0 0 0 0 0 0]
[0 0 0 0 0 0 0 0 0 0 0 0 0 0 0 0 0 0 0 0]
[3 0 0 0 0 0 0 3 0 0 0 0 0 3 0 0 0 0 3 0]
[0 0 0 0 0 0 0 0 0 0 0 0 0 0 0 0 0 0 0 0]
[0 0 0 0 0 0 0 0 0 0 0 0 0 0 0 0 0 0 0 0]
[0 0 0 0 3 0 0 0 0 0 0 0 0 0 0 0 0 0 0 0]
[0 0 0 0 0 0 0 0 0 0 0 0 3 0 0 0 0 0 0 0]
[0 3 0 0 0 0 0 0 0 0 0 0 0 0 0 0 3 0 0 0]
[0 0 0 0 0 0 0 3 0 0 0 0 0 3 0 0 0 0 0 3]
[0 0 0 0 0 0 0 0 0 0 0 0 0 0 0 0 0 0 0 0]]
Output:
[[0 0 0 0 0 0 0 0 0 0 0 0 0 0 0 0 0 0 0 0]
[0 0 0 0 0 0 0 0 0 0 0 0 0 0 3 0 0 0 0 0]
[0 0 0 0 0 3 0 0 0 0 3 0 0 0 0 0 0 0 0 0]
[0 0 0 0 0 0 0 0 0 0 0 0 0 0 0 0 0 0 0 0]
[0 3 0 0 0 0 0 0 0 0 0 0 4 0 0 0 0 0 0 0]
[0 0 0 0 0 0 0 3 0 0 0 4 4 4 0 0 0 0 3 0]
[0 0 0 0 0 0 0 0 0 0 4 4 3 4 4 0 0 0 0 0]
[0 0 0 0 3 0 0 0 0 4 3 0 3 3 0 4 0 0 0 0]
[0 0 0 0 0 0 0 0 0 0 3 0 3 3 0 0 0 0 0 0]
[0 0 0 0 0 0 0 0 0 0 3 0 3 3 0 0 0 0 0 0]
[0 0 3 0 0 0 0 0 0 0 3 0 3 3 0 0 0 0 0 0]
[0 0 0 0 0 0 0 0 0 0 3 0 3 3 0 0 0 0 0 0]
[3 0 0 0 0 0 0 3 0 0 3 0 3 3 0 0 0 0 3 0]
[0 0 0 0 0 0 0 0 0 0 3 0 3 3 0 0 0 0 0 0]
[0 0 0 0 0 0 0 0 0 0 3 0 3 3 0 0 0 0 0 0]
[0 0 0 0 3 0 0 0 0 0 3 0 3 3 0 0 0 0 0 0]
[0 0 0 0 0 0 0 0 0 0 3 0 3 3 0 0 0 0 0 0]
[0 3 0 0 0 0 0 0 0 0 3 0 3 3 0 0 3 0 0 0]
[0 0 0 0 0 0 0 3 0 0 3 0 3 3 0 0 0 0 0 3]
[0 0 0 0 0 0 0 0 0 0 3 0 3 3 0 0 0 0 0 0]]
