Example 0:
Input:
[[0 0 0 0 8 0 0 0 0 8 0 0 0 0 8 0 0 0 0 8 0 0 0 0]
[0 0 0 0 8 0 0 0 0 8 0 0 0 0 8 0 0 0 0 8 0 0 0 0]
[0 0 0 0 8 0 0 0 0 8 0 0 0 0 8 0 0 0 0 8 0 0 0 0]
[0 0 0 0 8 0 0 0 0 8 0 0 0 0 8 0 0 0 0 8 0 0 0 0]
[8 8 8 8 8 8 8 8 8 8 8 8 8 8 8 8 8 0 8 8 8 8 8 8]
[0 0 0 0 8 0 0 0 0 8 0 0 0 0 8 0 0 0 0 8 0 0 0 0]
[0 0 0 0 8 0 0 0 0 8 0 0 0 0 8 0 0 0 0 8 0 0 0 0]
[0 0 0 0 0 0 0 0 0 8 0 0 0 0 8 0 0 0 0 8 0 0 0 0]
[0 0 0 0 8 0 0 0 0 8 0 0 0 0 8 0 0 0 0 0 0 0 0 0]
[8 8 8 8 8 8 8 8 0 8 8 8 8 0 8 8 8 8 8 8 8 8 8 8]
[0 0 0 0 8 0 0 0 0 8 0 0 0 0 0 0 0 0 0 8 0 0 0 0]
[0 0 0 0 8 0 0 0 0 8 0 0 0 0 8 0 0 0 0 8 0 0 0 0]
[0 0 0 0 0 0 0 0 0 8 0 0 0 0 8 0 0 0 0 8 0 0 0 0]
[0 0 0 0 8 0 0 0 0 0 0 0 0 0 8 0 0 0 0 8 0 0 0 0]
[8 8 8 8 8 8 8 8 8 8 8 8 8 8 8 8 8 8 8 8 0 8 8 0]
[0 0 0 0 8 0 0 0 0 8 0 0 0 0 8 0 0 0 0 8 0 0 0 0]
[0 0 0 0 8 0 0 0 0 8 0 0 0 0 8 0 0 0 0 8 0 0 0 0]
[0 0 0 0 8 0 0 0 0 0 0 0 0 0 8 0 0 0 0 8 0 0 0 0]
[0 0 0 0 8 0 0 0 0 8 0 0 0 0 8 0 0 0 0 8 0 0 0 0]
[8 8 8 8 8 8 8 8 8 8 8 8 8 8 8 8 8 8 8 8 8 8 8 8]
[0 0 0 0 8 0 0 0 0 8 0 0 0 0 8 0 0 0 0 8 0 0 0 0]
[0 0 0 0 8 0 0 0 0 8 0 0 0 0 8 0 0 0 0 8 0 0 0 0]
[0 0 0 0 8 0 0 0 0 8 0 0 0 0 8 0 0 0 0 8 0 0 0 0]
[0 0 0 0 8 0 0 0 0 8 0 0 0 0 8 0 0 0 0 8 0 0 0 0]]
Output:
[[3 3 3 3 8 3 3 3 3 8 3 3 3 3 8 4 4 4 4 8 3 3 3 3]
[3 3 3 3 8 3 3 3 3 8 3 3 3 3 8 4 4 4 4 8 3 3 3 3]
[3 3 3 3 8 3 3 3 3 8 3 3 3 3 8 4 4 4 4 8 3 3 3 3]
[3 3 3 3 8 3 3 3 3 8 3 3 3 3 8 4 4 4 4 8 3 3 3 3]
[8 8 8 8 8 8 8 8 8 8 8 8 8 8 8 8 8 4 8 8 8 8 8 8]
[4 4 4 4 8 4 4 4 4 8 4 4 4 4 8 4 4 4 4 8 4 4 4 4]
[4 4 4 4 8 4 4 4 4 8 4 4 4 4 8 4 4 4 4 8 4 4 4 4]
[4 4 4 4 4 4 4 4 4 8 4 4 4 4 8 4 4 4 4 8 4 4 4 4]
[4 4 4 4 8 4 4 4 4 8 4 4 4 4 8 4 4 4 4 4 4 4 4 4]
[8 8 8 8 8 8 8 8 4 8 8 8 8 4 8 8 8 8 8 8 8 8 8 8]
[4 4 4 4 8 4 4 4 4 8 4 4 4 4 4 4 4 4 4 8 4 4 4 4]
[4 4 4 4 8 4 4 4 4 8 4 4 4 4 8 4 4 4 4 8 4 4 4 4]
[4 4 4 4 4 4 4 4 4 8 4 4 4 4 8 4 4 4 4 8 4 4 4 4]
[4 4 4 4 8 4 4 4 4 4 4 4 4 4 8 4 4 4 4 8 4 4 4 4]
[8 8 8 8 8 8 8 8 8 8 8 8 8 8 8 8 8 8 8 8 4 8 8 4]
[3 3 3 3 8 4 4 4 4 8 4 4 4 4 8 3 3 3 3 8 4 4 4 4]
[3 3 3 3 8 4 4 4 4 8 4 4 4 4 8 3 3 3 3 8 4 4 4 4]
[3 3 3 3 8 4 4 4 4 4 4 4 4 4 8 3 3 3 3 8 4 4 4 4]
[3 3 3 3 8 4 4 4 4 8 4 4 4 4 8 3 3 3 3 8 4 4 4 4]
[8 8 8 8 8 8 8 8 8 8 8 8 8 8 8 8 8 8 8 8 8 8 8 8]
[3 3 3 3 8 3 3 3 3 8 3 3 3 3 8 3 3 3 3 8 3 3 3 3]
[3 3 3 3 8 3 3 3 3 8 3 3 3 3 8 3 3 3 3 8 3 3 3 3]
[3 3 3 3 8 3 3 3 3 8 3 3 3 3 8 3 3 3 3 8 3 3 3 3]
[3 3 3 3 8 3 3 3 3 8 3 3 3 3 8 3 3 3 3 8 3 3 3 3]]
Example 1:
Input:
[[0 0 0 0 0 1 0 0 0 0 0 1 0 0 0 0 0 1 0 0 0 0 0 1 0 0 0 0 0]
[0 0 0 0 0 1 0 0 0 0 0 1 0 0 0 0 0 1 0 0 0 0 0 1 0 0 0 0 0]
[0 0 0 0 0 1 0 0 0 0 0 1 0 0 0 0 0 1 0 0 0 0 0 1 0 0 0 0 0]
[0 0 0 0 0 1 0 0 0 0 0 1 0 0 0 0 0 1 0 0 0 0 0 1 0 0 0 0 0]
[0 0 0 0 0 1 0 0 0 0 0 1 0 0 0 0 0 1 0 0 0 0 0 1 0 0 0 0 0]
[1 1 1 1 1 1 1 1 1 1 1 1 1 1 1 1 1 1 1 1 1 1 1 1 1 1 1 1 1]
[0 0 0 0 0 1 0 0 0 0 0 0 0 0 0 0 0 1 0 0 0 0 0 1 0 0 0 0 0]
[0 0 0 0 0 0 0 0 0 0 0 1 0 0 0 0 0 1 0 0 0 0 0 1 0 0 0 0 0]
[0 0 0 0 0 0 0 0 0 0 0 1 0 0 0 0 0 1 0 0 0 0 0 1 0 0 0 0 0]
[0 0 0 0 0 1 0 0 0 0 0 1 0 0 0 0 0 1 0 0 0 0 0 1 0 0 0 0 0]
[0 0 0 0 0 1 0 0 0 0 0 1 0 0 0 0 0 0 0 0 0 0 0 1 0 0 0 0 0]
[1 1 1 1 1 1 1 1 0 1 1 1 1 1 1 1 1 1 1 1 1 1 1 1 0 1 1 1 1]
[0 0 0 0 0 1 0 0 0 0 0 1 0 0 0 0 0 1 0 0 0 0 0 1 0 0 0 0 0]
[0 0 0 0 0 0 0 0 0 0 0 0 0 0 0 0 0 1 0 0 0 0 0 1 0 0 0 0 0]
[0 0 0 0 0 1 0 0 0 0 0 1 0 0 0 0 0 0 0 0 0 0 0 1 0 0 0 0 0]
[0 0 0 0 0 1 0 0 0 0 0 1 0 0 0 0 0 1 0 0 0 0 0 1 0 0 0 0 0]
[0 0 0 0 0 1 0 0 0 0 0 1 0 0 0 0 0 1 0 0 0 0 0 1 0 0 0 0 0]
[1 1 1 1 1 1 1 1 1 1 1 1 1 1 0 1 1 1 1 1 0 1 1 1 1 0 1 1 1]
[0 0 0 0 0 1 0 0 0 0 0 1 0 0 0 0 0 1 0 0 0 0 0 1 0 0 0 0 0]
[0 0 0 0 0 1 0 0 0 0 0 1 0 0 0 0 0 1 0 0 0 0 0 1 0 0 0 0 0]
[0 0 0 0 0 1 0 0 0 0 0 1 0 0 0 0 0 1 0 0 0 0 0 1 0 0 0 0 0]
[0 0 0 0 0 1 0 0 0 0 0 1 0 0 0 0 0 1 0 0 0 0 0 1 0 0 0 0 0]
[0 0 0 0 0 1 0 0 0 0 0 1 0 0 0 0 0 1 0 0 0 0 0 1 0 0 0 0 0]
[0 1 1 1 1 1 1 1 1 1 1 1 1 1 1 1 1 1 1 1 1 1 1 1 1 1 1 1 1]
[0 0 0 0 0 1 0 0 0 0 0 1 0 0 0 0 0 1 0 0 0 0 0 1 0 0 0 0 0]
[0 0 0 0 0 1 0 0 0 0 0 1 0 0 0 0 0 1 0 0 0 0 0 1 0 0 0 0 0]
[0 0 0 0 0 1 0 0 0 0 0 1 0 0 0 0 0 1 0 0 0 0 0 1 0 0 0 0 0]
[0 0 0 0 0 1 0 0 0 0 0 1 0 0 0 0 0 1 0 0 0 0 0 1 0 0 0 0 0]
[0 0 0 0 0 1 0 0 0 0 0 1 0 0 0 0 0 1 0 0 0 0 0 1 0 0 0 0 0]]
Output:
[[3 3 3 3 3 1 3 3 3 3 3 1 3 3 3 3 3 1 3 3 3 3 3 1 3 3 3 3 3]
[3 3 3 3 3 1 3 3 3 3 3 1 3 3 3 3 3 1 3 3 3 3 3 1 3 3 3 3 3]
[3 3 3 3 3 1 3 3 3 3 3 1 3 3 3 3 3 1 3 3 3 3 3 1 3 3 3 3 3]
[3 3 3 3 3 1 3 3 3 3 3 1 3 3 3 3 3 1 3 3 3 3 3 1 3 3 3 3 3]
[3 3 3 3 3 1 3 3 3 3 3 1 3 3 3 3 3 1 3 3 3 3 3 1 3 3 3 3 3]
[1 1 1 1 1 1 1 1 1 1 1 1 1 1 1 1 1 1 1 1 1 1 1 1 1 1 1 1 1]
[4 4 4 4 4 1 4 4 4 4 4 4 4 4 4 4 4 1 4 4 4 4 4 1 4 4 4 4 4]
[4 4 4 4 4 4 4 4 4 4 4 1 4 4 4 4 4 1 4 4 4 4 4 1 4 4 4 4 4]
[4 4 4 4 4 4 4 4 4 4 4 1 4 4 4 4 4 1 4 4 4 4 4 1 4 4 4 4 4]
[4 4 4 4 4 1 4 4 4 4 4 1 4 4 4 4 4 1 4 4 4 4 4 1 4 4 4 4 4]
[4 4 4 4 4 1 4 4 4 4 4 1 4 4 4 4 4 4 4 4 4 4 4 1 4 4 4 4 4]
[1 1 1 1 1 1 1 1 4 1 1 1 1 1 1 1 1 1 1 1 1 1 1 1 4 1 1 1 1]
[4 4 4 4 4 1 4 4 4 4 4 1 4 4 4 4 4 1 4 4 4 4 4 1 4 4 4 4 4]
[4 4 4 4 4 4 4 4 4 4 4 4 4 4 4 4 4 1 4 4 4 4 4 1 4 4 4 4 4]
[4 4 4 4 4 1 4 4 4 4 4 1 4 4 4 4 4 4 4 4 4 4 4 1 4 4 4 4 4]
[4 4 4 4 4 1 4 4 4 4 4 1 4 4 4 4 4 1 4 4 4 4 4 1 4 4 4 4 4]
[4 4 4 4 4 1 4 4 4 4 4 1 4 4 4 4 4 1 4 4 4 4 4 1 4 4 4 4 4]
[1 1 1 1 1 1 1 1 1 1 1 1 1 1 4 1 1 1 1 1 4 1 1 1 1 4 1 1 1]
[4 4 4 4 4 1 3 3 3 3 3 1 4 4 4 4 4 1 4 4 4 4 4 1 4 4 4 4 4]
[4 4 4 4 4 1 3 3 3 3 3 1 4 4 4 4 4 1 4 4 4 4 4 1 4 4 4 4 4]
[4 4 4 4 4 1 3 3 3 3 3 1 4 4 4 4 4 1 4 4 4 4 4 1 4 4 4 4 4]
[4 4 4 4 4 1 3 3 3 3 3 1 4 4 4 4 4 1 4 4 4 4 4 1 4 4 4 4 4]
[4 4 4 4 4 1 3 3 3 3 3 1 4 4 4 4 4 1 4 4 4 4 4 1 4 4 4 4 4]
[4 1 1 1 1 1 1 1 1 1 1 1 1 1 1 1 1 1 1 1 1 1 1 1 1 1 1 1 1]
[4 4 4 4 4 1 3 3 3 3 3 1 3 3 3 3 3 1 3 3 3 3 3 1 3 3 3 3 3]
[4 4 4 4 4 1 3 3 3 3 3 1 3 3 3 3 3 1 3 3 3 3 3 1 3 3 3 3 3]
[4 4 4 4 4 1 3 3 3 3 3 1 3 3 3 3 3 1 3 3 3 3 3 1 3 3 3 3 3]
[4 4 4 4 4 1 3 3 3 3 3 1 3 3 3 3 3 1 3 3 3 3 3 1 3 3 3 3 3]
[4 4 4 4 4 1 3 3 3 3 3 1 3 3 3 3 3 1 3 3 3 3 3 1 3 3 3 3 3]]
Example 2:
Input:
[[0 0 0 0 9 0 0 0 0 9 0 0 0 0 9 0 0 0 0]
[0 0 0 0 9 0 0 0 0 9 0 0 0 0 9 0 0 0 0]
[0 0 0 0 0 0 0 0 0 0 0 0 0 0 9 0 0 0 0]
[0 0 0 0 0 0 0 0 0 9 0 0 0 0 9 0 0 0 0]
[9 9 9 9 9 9 9 0 9 9 9 9 9 9 9 9 9 9 9]
[0 0 0 0 9 0 0 0 0 9 0 0 0 0 9 0 0 0 0]
[0 0 0 0 0 0 0 0 0 9 0 0 0 0 9 0 0 0 0]
[0 0 0 0 9 0 0 0 0 9 0 0 0 0 9 0 0 0 0]
[0 0 0 0 9 0 0 0 0 9 0 0 0 0 9 0 0 0 0]
[9 9 9 9 9 9 9 9 9 9 0 9 9 9 9 9 9 9 9]
[0 0 0 0 9 0 0 0 0 9 0 0 0 0 9 0 0 0 0]
[0 0 0 0 9 0 0 0 0 9 0 0 0 0 9 0 0 0 0]
[0 0 0 0 9 0 0 0 0 9 0 0 0 0 9 0 0 0 0]
[0 0 0 0 9 0 0 0 0 9 0 0 0 0 9 0 0 0 0]
[9 9 9 9 9 9 9 9 9 9 9 9 9 9 9 9 9 9 0]
[0 0 0 0 9 0 0 0 0 9 0 0 0 0 0 0 0 0 0]
[0 0 0 0 9 0 0 0 0 9 0 0 0 0 9 0 0 0 0]
[0 0 0 0 0 0 0 0 0 9 0 0 0 0 9 0 0 0 0]
[0 0 0 0 9 0 0 0 0 9 0 0 0 0 9 0 0 0 0]]
Output:
[[4 4 4 4 9 4 4 4 4 9 4 4 4 4 9 3 3 3 3]
[4 4 4 4 9 4 4 4 4 9 4 4 4 4 9 3 3 3 3]
[4 4 4 4 4 4 4 4 4 4 4 4 4 4 9 3 3 3 3]
[4 4 4 4 4 4 4 4 4 9 4 4 4 4 9 3 3 3 3]
[9 9 9 9 9 9 9 4 9 9 9 9 9 9 9 9 9 9 9]
[4 4 4 4 9 4 4 4 4 9 4 4 4 4 9 3 3 3 3]
[4 4 4 4 4 4 4 4 4 9 4 4 4 4 9 3 3 3 3]
[4 4 4 4 9 4 4 4 4 9 4 4 4 4 9 3 3 3 3]
[4 4 4 4 9 4 4 4 4 9 4 4 4 4 9 3 3 3 3]
[9 9 9 9 9 9 9 9 9 9 4 9 9 9 9 9 9 9 9]
[3 3 3 3 9 3 3 3 3 9 4 4 4 4 9 4 4 4 4]
[3 3 3 3 9 3 3 3 3 9 4 4 4 4 9 4 4 4 4]
[3 3 3 3 9 3 3 3 3 9 4 4 4 4 9 4 4 4 4]
[3 3 3 3 9 3 3 3 3 9 4 4 4 4 9 4 4 4 4]
[9 9 9 9 9 9 9 9 9 9 9 9 9 9 9 9 9 9 4]
[4 4 4 4 9 4 4 4 4 9 4 4 4 4 4 4 4 4 4]
[4 4 4 4 9 4 4 4 4 9 4 4 4 4 9 4 4 4 4]
[4 4 4 4 4 4 4 4 4 9 4 4 4 4 9 4 4 4 4]
[4 4 4 4 9 4 4 4 4 9 4 4 4 4 9 4 4 4 4]]
