Example 0:
Input:
[[0 0 0 0 0 0 0 0 0 0 0 0 0]
[0 0 0 0 5 0 0 0 0 0 0 0 0]
[0 0 0 0 0 0 0 0 0 0 0 0 0]
[0 0 0 0 0 0 0 0 0 0 0 0 0]
[0 0 0 0 0 1 1 1 0 0 0 0 0]
[0 0 0 0 0 1 0 1 0 0 0 0 0]
[0 5 0 0 0 1 0 1 0 0 0 5 0]
[0 0 0 0 0 1 1 1 0 0 0 0 0]
[0 0 0 0 0 0 0 0 0 0 0 0 0]
[0 0 0 0 0 0 0 0 0 0 0 0 0]
[0 0 0 0 0 0 0 0 0 0 0 0 0]
[0 0 0 0 5 0 0 0 0 0 0 0 0]]
Output:
[[0 0 0 0 0 0 0 0 0 0 0 0 0]
[0 0 0 0 5 0 0 0 0 0 0 0 0]
[0 0 1 1 1 1 1 1 1 1 1 0 0]
[0 0 1 0 0 0 0 0 0 0 1 0 0]
[0 0 1 0 0 1 1 1 0 0 1 0 0]
[0 0 1 0 0 1 0 1 0 0 1 0 0]
[0 5 1 0 0 1 0 1 0 0 1 5 0]
[0 0 1 0 0 1 1 1 0 0 1 0 0]
[0 0 1 0 0 0 0 0 0 0 1 0 0]
[0 0 1 0 0 0 0 0 0 0 1 0 0]
[0 0 1 1 1 1 1 1 1 1 1 0 0]
[0 0 0 0 5 0 0 0 0 0 0 0 0]]
Example 1:
Input:
[[0 0 0 0 0 0 0 0 0 0 0 0 0]
[0 0 0 0 0 5 0 0 0 0 0 0 0]
[0 0 0 0 0 0 0 0 0 0 0 0 0]
[0 0 0 0 0 0 0 0 0 0 0 0 0]
[0 0 0 0 0 0 0 0 0 0 0 0 0]
[0 5 0 0 3 3 3 0 0 0 0 0 0]
[0 0 0 0 3 0 3 0 0 0 0 0 0]
[0 0 0 0 3 3 3 0 0 0 0 0 0]
[0 0 0 0 0 0 0 0 0 0 5 0 0]
[0 0 0 0 0 0 0 0 0 0 0 0 0]
[0 0 0 0 0 0 0 0 0 0 0 0 0]
[0 0 0 0 0 0 0 0 0 0 0 0 0]
[0 0 0 0 0 5 0 0 0 0 0 0 0]
[0 0 0 0 0 0 0 0 0 0 0 0 0]
[0 0 0 0 0 0 0 0 0 0 0 0 0]]
Output:
[[0 0 0 0 0 0 0 0 0 0 0 0 0]
[0 0 0 0 0 5 0 0 0 0 0 0 0]
[0 0 3 3 3 3 3 3 3 3 0 0 0]
[0 0 3 0 0 0 0 0 0 3 0 0 0]
[0 0 3 0 0 0 0 0 0 3 0 0 0]
[0 5 3 0 3 3 3 0 0 3 0 0 0]
[0 0 3 0 3 0 3 0 0 3 0 0 0]
[0 0 3 0 3 3 3 0 0 3 0 0 0]
[0 0 3 0 0 0 0 0 0 3 5 0 0]
[0 0 3 0 0 0 0 0 0 3 0 0 0]
[0 0 3 0 0 0 0 0 0 3 0 0 0]
[0 0 3 3 3 3 3 3 3 3 0 0 0]
[0 0 0 0 0 5 0 0 0 0 0 0 0]
[0 0 0 0 0 0 0 0 0 0 0 0 0]
[0 0 0 0 0 0 0 0 0 0 0 0 0]]
Example 2:
Input:
[[0 0 0 0 0 0 0 0 0 0 0 0 0 0]
[0 0 0 0 0 0 0 0 0 0 0 0 0 0]
[0 0 0 0 0 0 5 0 0 0 0 0 0 0]
[0 0 0 0 0 0 0 0 0 0 0 0 0 0]
[0 0 0 0 0 0 0 0 0 0 0 0 0 0]
[0 0 0 0 4 4 4 4 0 0 0 0 0 0]
[0 0 0 0 4 0 0 4 0 0 0 0 5 0]
[0 0 0 0 4 0 0 4 0 0 0 0 0 0]
[0 5 0 0 4 4 4 4 0 0 0 0 0 0]
[0 0 0 0 0 0 0 0 0 0 0 0 0 0]
[0 0 0 0 0 0 0 0 0 0 0 0 0 0]
[0 0 0 0 0 0 0 0 0 0 0 0 0 0]
[0 0 0 0 0 0 0 0 0 0 0 0 0 0]
[0 0 0 0 0 0 0 5 0 0 0 0 0 0]
[0 0 0 0 0 0 0 0 0 0 0 0 0 0]]
Output:
[[0 0 0 0 0 0 0 0 0 0 0 0 0 0]
[0 0 0 0 0 0 0 0 0 0 0 0 0 0]
[0 0 0 0 0 0 5 0 0 0 0 0 0 0]
[0 0 4 4 4 4 4 4 4 4 4 4 0 0]
[0 0 4 0 0 0 0 0 0 0 0 4 0 0]
[0 0 4 0 4 4 4 4 0 0 0 4 0 0]
[0 0 4 0 4 0 0 4 0 0 0 4 5 0]
[0 0 4 0 4 0 0 4 0 0 0 4 0 0]
[0 5 4 0 4 4 4 4 0 0 0 4 0 0]
[0 0 4 0 0 0 0 0 0 0 0 4 0 0]
[0 0 4 0 0 0 0 0 0 0 0 4 0 0]
[0 0 4 0 0 0 0 0 0 0 0 4 0 0]
[0 0 4 4 4 4 4 4 4 4 4 4 0 0]
[0 0 0 0 0 0 0 5 0 0 0 0 0 0]
[0 0 0 0 0 0 0 0 0 0 0 0 0 0]]
