Example 0:
Input:
[[2 0 0]
[0 2 0]
[0 0 2]]
Output:
[[2 0 0]
[0 4 0]
[0 0 2]]
Example 1:
Input:
[[0 0 9 0 0 0 0 0]
[0 0 0 9 0 0 0 0]
[0 0 0 0 9 0 0 0]
[0 0 0 0 0 9 0 0]
[9 0 0 0 0 0 9 0]
[0 9 0 0 0 0 0 9]
[0 0 9 0 0 0 0 0]
[0 0 0 9 0 0 0 0]]
Output:
[[0 0 9 0 0 0 0 0]
[0 0 0 4 0 0 0 0]
[0 0 0 0 9 0 0 0]
[0 0 0 0 0 4 0 0]
[9 0 0 0 0 0 9 0]
[0 4 0 0 0 0 0 4]
[0 0 9 0 0 0 0 0]
[0 0 0 4 0 0 0 0]]
Example 2:
Input:
[[0 0 3 0 0 0]
[0 0 0 3 0 0]
[0 0 0 0 3 0]
[3 0 0 0 0 3]
[0 3 0 0 0 0]
[0 0 3 0 0 0]]
Output:
[[0 0 3 0 0 0]
[0 0 0 4 0 0]
[0 0 0 0 3 0]
[3 0 0 0 0 4]
[0 4 0 0 0 0]
[0 0 3 0 0 0]]
