Example 0:
Input:
[[1 0 1 0 0]
[0 0 0 0 0]
[0 0 0 0 0]
[0 1 0 1 0]
[0 0 0 0 0]]
Output:
[[1 2 1 0 0]
[0 0 0 0 0]
[0 0 0 0 0]
[0 1 2 1 0]
[0 0 0 0 0]]
Example 1:
Input:
[[0 0 0 0 0 0 0 0 0 0]
[0 1 0 1 0 1 0 1 0 0]
[0 0 0 0 0 0 0 0 0 0]
[0 0 0 0 0 0 0 0 0 0]
[0 0 1 0 1 0 0 0 0 0]
[0 0 0 0 0 0 0 0 0 0]
[0 0 0 0 0 0 1 0 1 0]
[0 0 0 0 0 0 0 0 0 0]
[0 0 0 1 0 1 0 0 0 0]
[0 0 0 0 0 0 0 0 0 0]]
Output:
[[0 0 0 0 0 0 0 0 0 0]
[0 1 2 1 2 1 2 1 0 0]
[0 0 0 0 0 0 0 0 0 0]
[0 0 0 0 0 0 0 0 0 0]
[0 0 1 2 1 0 0 0 0 0]
[0 0 0 0 0 0 0 0 0 0]
[0 0 0 0 0 0 1 2 1 0]
[0 0 0 0 0 0 0 0 0 0]
[0 0 0 1 2 1 0 0 0 0]
[0 0 0 0 0 0 0 0 0 0]]
Example 2:
Input:
[[0 0 0 0 0 0 0 0 0 0]
[0 0 0 0 0 0 1 0 1 0]
[0 1 0 1 0 0 0 0 0 0]
[0 0 0 0 0 0 0 0 0 0]
[0 0 0 0 0 0 0 0 0 0]
[0 0 0 1 0 1 0 1 0 0]
[0 0 0 0 0 0 0 0 0 0]
[0 0 0 0 1 0 1 0 0 0]
[0 0 0 0 0 0 0 0 0 0]
[0 1 0 1 0 0 0 0 0 0]]
Output:
[[0 0 0 0 0 0 0 0 0 0]
[0 0 0 0 0 0 1 2 1 0]
[0 1 2 1 0 0 0 0 0 0]
[0 0 0 0 0 0 0 0 0 0]
[0 0 0 0 0 0 0 0 0 0]
[0 0 0 1 2 1 2 1 0 0]
[0 0 0 0 0 0 0 0 0 0]
[0 0 0 0 1 2 1 0 0 0]
[0 0 0 0 0 0 0 0 0 0]
[0 1 2 1 0 0 0 0 0 0]]
