Example 0:
Input:
[[9 9 9 9 9 9 9 9 9 9 9]
[9 9 9 9 9 9 9 9 9 9 9]
[9 1 1 1 9 9 9 1 9 9 9]
[9 1 9 1 9 9 9 1 9 9 9]
[9 1 9 1 9 9 1 1 1 1 9]
[9 1 1 1 9 9 9 1 9 9 9]
[9 9 9 9 9 9 9 1 9 9 9]
[9 9 9 9 9 9 9 9 9 9 9]
[9 9 9 9 9 9 9 9 9 9 9]]
Output:
[[9 9 9 9 9 9 9 9 9 9 9]
[9 9 9 9 9 9 9 9 9 9 9]
[9 8 8 8 9 9 9 1 9 9 9]
[9 8 9 8 9 9 9 1 9 9 9]
[9 8 9 8 9 9 1 1 1 1 9]
[9 8 8 8 9 9 9 1 9 9 9]
[9 9 9 9 9 9 9 1 9 9 9]
[9 9 9 9 9 9 9 9 9 9 9]
[9 9 9 9 9 9 9 9 9 9 9]]
Example 1:
Input:
[[9 9 9 9 9 9 9 9 9 9 9]
[9 1 1 1 1 1 9 9 1 9 9]
[9 1 9 9 9 1 9 9 1 9 1]
[9 1 1 1 1 1 9 9 1 1 1]
[9 9 9 9 9 9 9 9 9 9 9]
[9 9 9 9 9 9 9 9 9 9 9]
[9 9 9 1 9 9 9 9 9 9 9]
[9 9 1 1 1 1 1 9 9 9 9]
[9 9 9 1 9 1 9 9 9 9 9]
[9 9 9 1 1 1 9 9 1 1 1]
[9 9 9 9 9 9 9 9 1 9 1]
[1 1 9 9 9 9 9 9 1 1 1]]
Output:
[[9 9 9 9 9 9 9 9 9 9 9]
[9 8 8 8 8 8 9 9 1 9 9]
[9 8 9 9 9 8 9 9 1 9 1]
[9 8 8 8 8 8 9 9 1 1 1]
[9 9 9 9 9 9 9 9 9 9 9]
[9 9 9 9 9 9 9 9 9 9 9]
[9 9 9 8 9 9 9 9 9 9 9]
[9 9 8 8 8 8 8 9 9 9 9]
[9 9 9 8 9 8 9 9 9 9 9]
[9 9 9 8 8 8 9 9 8 8 8]
[9 9 9 9 9 9 9 9 8 9 8]
[1 1 9 9 9 9 9 9 8 8 8]]
Example 2:
Input:
[[9 9 9 9 9 1 9 9 9 9 9 9 9]
[9 9 9 9 9 9 9 9 1 9 9 9 9]
[9 9 1 9 9 9 9 1 1 1 1 9 9]
[9 1 1 1 1 9 9 9 1 9 9 9 9]
[9 1 9 9 1 9 9 9 1 9 9 9 9]
[9 1 1 1 1 9 9 9 1 1 1 9 9]
[9 9 9 9 1 9 9 9 9 9 9 9 9]
[9 9 9 9 1 9 9 9 9 9 9 9 9]
[9 1 9 9 9 9 9 1 1 1 9 9 9]
[1 1 1 9 9 9 9 9 9 1 9 9 9]
[9 1 9 9 9 9 1 9 1 1 9 9 9]
[1 1 9 9 9 9 1 1 1 9 9 9 9]]
Output:
[[9 9 9 9 9 1 9 9 9 9 9 9 9]
[9 9 9 9 9 9 9 9 1 9 9 9 9]
[9 9 8 9 9 9 9 1 1 1 1 9 9]
[9 8 8 8 8 9 9 9 1 9 9 9 9]
[9 8 9 9 8 9 9 9 1 9 9 9 9]
[9 8 8 8 8 9 9 9 1 1 1 9 9]
[9 9 9 9 8 9 9 9 9 9 9 9 9]
[9 9 9 9 8 9 9 9 9 9 9 9 9]
[9 1 9 9 9 9 9 1 1 1 9 9 9]
[1 1 1 9 9 9 9 9 9 1 9 9 9]
[9 1 9 9 9 9 1 9 1 1 9 9 9]
[1 1 9 9 9 9 1 1 1 9 9 9 9]]
Example 3:
Input:
[[9 9 9 9 9 9 9 9 9 9 9 9 9 9 9]
[9 1 1 1 1 1 1 9 9 9 9 1 1 1 1]
[9 9 1 9 9 9 1 9 9 9 9 1 9 9 1]
[9 9 1 1 1 9 1 9 9 9 1 1 1 9 1]
[9 9 9 9 1 1 1 9 9 9 9 9 9 9 1]
[9 9 9 9 1 9 9 9 1 1 1 9 9 9 9]
[9 9 9 9 9 9 9 9 1 9 1 1 9 9 9]
[9 9 9 9 9 9 9 9 1 1 1 9 9 9 9]
[1 1 1 1 9 9 9 9 9 9 9 9 9 9 9]
[1 9 9 1 9 9 9 1 9 1 9 9 9 9 9]
[1 1 1 1 9 9 9 1 1 1 1 1 9 9 9]
[1 9 9 9 9 9 9 9 9 1 9 9 9 9 9]
[9 9 9 9 9 1 9 9 9 9 9 9 9 9 9]
[9 9 9 9 1 1 9 9 9 9 9 9 1 1 9]]
Output:
[[9 9 9 9 9 9 9 9 9 9 9 9 9 9 9]
[9 8 8 8 8 8 8 9 9 9 9 1 1 1 1]
[9 9 8 9 9 9 8 9 9 9 9 1 9 9 1]
[9 9 8 8 8 9 8 9 9 9 1 1 1 9 1]
[9 9 9 9 8 8 8 9 9 9 9 9 9 9 1]
[9 9 9 9 8 9 9 9 8 8 8 9 9 9 9]
[9 9 9 9 9 9 9 9 8 9 8 8 9 9 9]
[9 9 9 9 9 9 9 9 8 8 8 9 9 9 9]
[8 8 8 8 9 9 9 9 9 9 9 9 9 9 9]
[8 9 9 8 9 9 9 1 9 1 9 9 9 9 9]
[8 8 8 8 9 9 9 1 1 1 1 1 9 9 9]
[8 9 9 9 9 9 9 9 9 1 9 9 9 9 9]
[9 9 9 9 9 1 9 9 9 9 9 9 9 9 9]
[9 9 9 9 1 1 9 9 9 9 9 9 1 1 9]]
