Example 0:
Input:
[[0 0 0 8 8 0 0 0 0 0 0 0 0]
[0 0 0 8 8 0 0 0 0 0 0 0 0]
[0 0 0 8 8 0 0 0 0 0 0 0 0]
[3 3 3 8 8 3 3 3 3 3 3 3 3]
[3 3 3 8 8 3 3 3 3 3 3 3 3]
[3 3 3 8 8 3 3 3 3 3 3 3 3]
[0 0 0 8 8 0 0 0 0 0 0 0 0]
[0 0 0 8 8 0 0 0 0 0 0 0 0]
[0 0 0 8 8 0 0 0 0 0 0 0 0]
[0 0 0 8 8 0 0 0 0 0 0 0 0]
[0 0 0 8 8 0 0 0 0 0 0 0 0]
[0 0 0 8 8 0 0 0 0 0 0 0 0]
[0 0 0 8 8 0 0 0 0 0 0 0 0]]
Output:
[[0 0 0 8 8 0 0 0 0 0 0 0 0]
[0 0 0 8 8 0 0 0 0 0 0 0 0]
[0 0 0 8 8 0 0 0 0 0 0 0 0]
[3 3 3 3 3 3 3 3 3 3 3 3 3]
[3 3 3 3 3 3 3 3 3 3 3 3 3]
[3 3 3 3 3 3 3 3 3 3 3 3 3]
[0 0 0 8 8 0 0 0 0 0 0 0 0]
[0 0 0 8 8 0 0 0 0 0 0 0 0]
[0 0 0 8 8 0 0 0 0 0 0 0 0]
[0 0 0 8 8 0 0 0 0 0 0 0 0]
[0 0 0 8 8 0 0 0 0 0 0 0 0]
[0 0 0 8 8 0 0 0 0 0 0 0 0]
[0 0 0 8 8 0 0 0 0 0 0 0 0]]
Example 1:
Input:
[[0 0 6 6 0 0 0 0 0]
[0 0 6 6 0 0 0 0 0]
[0 0 6 6 0 0 0 0 0]
[1 1 1 1 1 1 1 1 1]
[0 0 6 6 0 0 0 0 0]
[0 0 6 6 0 0 0 0 0]
[0 0 6 6 0 0 0 0 0]]
Output:
[[0 0 6 6 0 0 0 0 0]
[0 0 6 6 0 0 0 0 0]
[0 0 6 6 0 0 0 0 0]
[1 1 6 6 1 1 1 1 1]
[0 0 6 6 0 0 0 0 0]
[0 0 6 6 0 0 0 0 0]
[0 0 6 6 0 0 0 0 0]]
Example 2:
Input:
[[0 0 1 0 0 0 0]
[0 0 1 0 0 0 0]
[0 0 1 0 0 0 0]
[7 7 7 7 7 7 7]
[0 0 1 0 0 0 0]
[0 0 1 0 0 0 0]
[0 0 1 0 0 0 0]
[0 0 1 0 0 0 0]]
Output:
[[0 0 1 0 0 0 0]
[0 0 1 0 0 0 0]
[0 0 1 0 0 0 0]
[7 7 1 7 7 7 7]
[0 0 1 0 0 0 0]
[0 0 1 0 0 0 0]
[0 0 1 0 0 0 0]
[0 0 1 0 0 0 0]]
Example 3:
Input:
[[0 3 0 0 0 0]
[0 3 0 0 0 0]
[0 3 0 0 0 0]
[0 3 0 0 0 0]
[2 3 2 2 2 2]
[0 3 0 0 0 0]
[0 3 0 0 0 0]
[0 3 0 0 0 0]]
Output:
[[0 3 0 0 0 0]
[0 3 0 0 0 0]
[0 3 0 0 0 0]
[0 3 0 0 0 0]
[2 2 2 2 2 2]
[0 3 0 0 0 0]
[0 3 0 0 0 0]
[0 3 0 0 0 0]]
