Example 0:
Input:
[[0 0 0 0 0 0 0 5 5 5 5 5]
[0 0 0 0 0 0 0 5 0 0 0 5]
[0 0 5 5 5 0 0 5 0 0 0 5]
[0 0 5 0 5 0 0 5 0 0 0 5]
[0 0 5 5 5 0 0 5 5 5 5 5]
[0 0 0 0 0 0 0 0 0 0 0 0]
[0 0 0 0 0 0 5 5 5 5 0 0]
[0 0 0 0 0 0 5 0 0 5 0 0]
[0 0 0 0 0 0 5 0 0 5 0 0]
[0 0 0 0 0 0 5 5 5 5 0 0]
[0 0 0 0 0 0 0 0 0 0 0 0]
[0 0 0 0 0 0 0 0 0 0 0 0]]
Output:
[[0 0 0 0 0 0 0 5 5 5 5 5]
[0 0 0 0 0 0 0 5 8 8 8 5]
[0 0 5 5 5 0 0 5 8 8 8 5]
[0 0 5 6 5 0 0 5 8 8 8 5]
[0 0 5 5 5 0 0 5 5 5 5 5]
[0 0 0 0 0 0 0 0 0 0 0 0]
[0 0 0 0 0 0 5 5 5 5 0 0]
[0 0 0 0 0 0 5 7 7 5 0 0]
[0 0 0 0 0 0 5 7 7 5 0 0]
[0 0 0 0 0 0 5 5 5 5 0 0]
[0 0 0 0 0 0 0 0 0 0 0 0]
[0 0 0 0 0 0 0 0 0 0 0 0]]
Example 1:
Input:
[[0 5 5 5 5 0 0 0 0 0 0 0]
[0 5 0 0 5 0 0 0 0 0 0 0]
[0 5 0 0 5 0 0 0 0 0 0 0]
[0 5 5 5 5 0 0 0 0 0 0 0]
[0 0 0 0 0 0 5 5 5 5 5 0]
[0 0 0 0 0 0 5 0 0 0 5 0]
[0 0 0 0 0 0 5 0 0 0 5 0]
[0 5 5 5 0 0 5 0 0 0 5 0]
[0 5 0 5 0 0 5 5 5 5 5 0]
[0 5 5 5 0 0 0 0 0 0 0 0]
[0 0 0 0 0 0 0 0 0 0 0 0]
[0 0 0 0 0 0 0 0 0 0 0 0]]
Output:
[[0 5 5 5 5 0 0 0 0 0 0 0]
[0 5 7 7 5 0 0 0 0 0 0 0]
[0 5 7 7 5 0 0 0 0 0 0 0]
[0 5 5 5 5 0 0 0 0 0 0 0]
[0 0 0 0 0 0 5 5 5 5 5 0]
[0 0 0 0 0 0 5 8 8 8 5 0]
[0 0 0 0 0 0 5 8 8 8 5 0]
[0 5 5 5 0 0 5 8 8 8 5 0]
[0 5 6 5 0 0 5 5 5 5 5 0]
[0 5 5 5 0 0 0 0 0 0 0 0]
[0 0 0 0 0 0 0 0 0 0 0 0]
[0 0 0 0 0 0 0 0 0 0 0 0]]
Example 2:
Input:
[[0 0 0 0 0 0 0 0 0 0 0 0]
[0 5 5 5 5 5 0 0 0 0 0 0]
[0 5 0 0 0 5 0 0 0 0 0 0]
[0 5 0 0 0 5 0 0 0 0 0 0]
[0 5 0 0 0 5 0 0 0 0 0 0]
[0 5 5 5 5 5 0 0 0 0 0 0]
[0 0 0 0 0 0 0 0 0 0 0 0]
[0 0 0 0 5 5 5 5 0 0 0 0]
[0 0 0 0 5 0 0 5 0 0 0 0]
[0 0 0 0 5 0 0 5 0 0 0 0]
[0 0 0 0 5 5 5 5 0 0 0 0]
[0 0 0 0 0 0 0 0 0 0 0 0]]
Output:
[[0 0 0 0 0 0 0 0 0 0 0 0]
[0 5 5 5 5 5 0 0 0 0 0 0]
[0 5 8 8 8 5 0 0 0 0 0 0]
[0 5 8 8 8 5 0 0 0 0 0 0]
[0 5 8 8 8 5 0 0 0 0 0 0]
[0 5 5 5 5 5 0 0 0 0 0 0]
[0 0 0 0 0 0 0 0 0 0 0 0]
[0 0 0 0 5 5 5 5 0 0 0 0]
[0 0 0 0 5 7 7 5 0 0 0 0]
[0 0 0 0 5 7 7 5 0 0 0 0]
[0 0 0 0 5 5 5 5 0 0 0 0]
[0 0 0 0 0 0 0 0 0 0 0 0]]
